1893  14.371  14.000  26.435  44.250  54.645  70.683  73.355  69.323  63.600  48.806  32.867  19.161
1894  12.705  14.979  37.984  49.700  61.209  71.463  77.935  74.312  65.283  51.516  34.767  29.548
1895  12.519  17.964  33.994  54.506  60.411  66.172  70.548  69.622  65.288  44.795  32.433  23.333
1896  23.258  27.397  26.425  48.833  62.790  68.054  71.365  70.677  57.991  46.355  21.154  28.597
1897  13.758  20.179  26.613  46.700  59.016  66.533  74.032  67.928  71.617  54.613  32.450  18.686
1898  23.645  22.643  33.710  46.633  56.993  69.200  73.604  71.242  64.300  45.161  30.783  20.945
1899  18.758   8.125  18.194  45.662  57.667  68.500  72.065  73.242  61.602  53.226  42.883  20.290
1900  25.919  10.786  30.161  50.967  62.419  68.983  72.887  76.468  62.207  56.677  30.267  26.935
1901  22.355  17.565  33.419  48.567  59.629  69.767  81.903  73.629  60.714  53.806  34.917  18.726
1902  21.468  17.732  35.680  45.889  62.774  63.969  71.790  68.500  58.268  53.500  37.317  18.997
1903  21.500  16.018  31.516  47.311  59.335  64.483  70.433  68.308  59.400  52.051  34.880  23.069
1904  16.597  14.552  35.784  44.175  57.145  64.333  69.419  66.621  63.066  53.001  40.724  22.677
1905  10.677  13.625  40.855  42.948  54.274  66.483  68.306  73.194  63.983  48.678  38.817  29.574
1906  26.258  24.607  24.919  49.261  60.435  66.767  70.449  72.855  64.101  49.774  33.902  25.774
1907  12.839  24.500  39.806  39.383  51.165  67.266  72.194  70.726  60.417  52.452  37.283  27.468
1908  25.387  24.065  37.831  50.617  58.403  66.367  73.161  69.968  70.209  49.662  37.366  27.194
1909  18.309  24.107  31.903  41.080  58.113  67.699  71.355  75.758  62.069  49.197  38.534  12.355
1910  19.113  18.187  51.018  51.528  54.919  69.992  74.177  70.165  60.878  57.387  33.533  21.903
1911  20.419  24.855  40.790  46.779  62.597  74.249  73.065  69.355  65.117  48.339  29.267  26.161
1912   7.548  22.079  25.661  48.983  61.016  65.900  74.048  70.645  59.350  52.952  41.067  30.419
1913  20.399  20.232  30.435  49.233  57.419  71.450  74.484  77.565  64.383  48.500  43.450  29.984
1914  28.355  18.304  35.272  47.797  61.498  71.417  78.230  74.097  62.695  57.161  42.150  15.839
1915  18.710  26.959  25.629  56.533  56.159  64.883  69.194  66.774  62.033  56.168  39.309  26.095
1916  13.059  21.069  37.415  45.017  57.952  63.417  78.855  72.952  60.750  49.516  37.306  16.419
1917  18.113  16.018  31.919  43.438  54.629  66.650  76.371  69.677  63.383  44.565  42.250  14.903
1918  10.194  24.375  45.495  44.170  63.645  73.467  74.086  74.145  60.567  55.645  38.083  32.008
1919  29.371  22.202  36.081  49.371  59.161  72.183  77.516  73.694  68.000  47.452  30.767  17.742
1920  21.968  26.569  36.113  39.300  59.565  69.450  73.113  68.774  65.700  57.210  34.950  25.470
1921  28.887  31.589  43.613  52.029  62.084  75.283  76.710  70.677  65.733  55.113  33.030  28.306
1922  20.210  17.750  38.421  50.324  63.210  72.800  72.968  76.371  69.917  56.002  41.250  23.290
1923  28.903  21.304  31.597  49.633  60.339  71.117  79.252  71.306  64.467  47.871  41.222  33.339
1924  13.258  27.552  29.935  49.766  53.062  66.617  70.242  72.145  59.333  58.565  39.350  13.758
1925  17.532  28.500  40.661  57.267  59.387  71.217  76.290  75.161  70.772  40.426  37.133  24.177
1926  23.516  33.304  34.495  48.383  68.403  71.367  78.601  75.387  63.050  53.543  31.867  21.951
1927  23.726  29.821  37.387  48.633  58.968  68.767  73.083  68.532  66.367  56.742  34.267  13.431
1928  25.742  26.397  38.331  44.809  62.532  65.117  74.855  75.355  62.705  52.772  37.500  30.935
1929  10.032  13.071  39.645  50.353  57.823  67.833  75.419  73.694  60.617  52.048  31.600  24.097
1930   9.498  39.429  37.597  55.117  60.210  67.067  80.323  75.726  65.200  49.968  39.083  29.194
1931  30.710  35.929  33.823  51.650  58.127  77.050  78.371  74.887  71.583  55.790  38.917  30.258
1932  16.226  25.259  28.210  52.414  62.677  71.583  77.355  73.597  62.517  48.887  34.883  19.850
1933  31.613  19.750  34.194  48.200  58.435  78.917  76.177  69.435  70.272  52.226  38.967  26.984
1934  27.016  26.839  35.178  51.667  72.903  74.250  79.699  75.048  59.246  56.726  40.700  22.129
1935  19.306  30.571  40.581  44.333  54.306  65.600  82.435  75.919  66.500  50.790  33.393  25.340
1936   7.758   1.155  39.042  47.567  66.145  73.733  87.340  82.617  70.489  51.484  37.667  26.806
1937   7.306  20.107  34.081  47.800  63.913  69.250  78.839  80.823  67.517  50.371  33.983  24.919
1938  21.532  22.357  42.258  52.017  59.065  71.350  77.387  79.048  68.067  59.907  34.850  27.919
1939  29.565  15.929  36.694  48.667  68.645  71.617  78.887  72.452  71.412  53.613  41.000  32.758
1940   7.504  23.121  32.053  47.067  60.597  71.567  79.452  72.339  70.350  59.629  30.183  28.452
1941  21.774  22.232  33.177  52.350  65.677  67.467  76.242  76.532  65.733  53.016  39.317  31.387
1942  25.387  22.411  36.452  53.783  57.806  69.117  75.645  74.689  59.733  52.735  38.950  22.742
1943  15.645  31.125  30.871  52.317  58.323  71.167  77.758  77.226  64.067  53.505  35.033  29.290
1944  30.613  24.690  28.596  44.667  64.645  70.767  73.710  72.210  63.167  54.000  37.583  23.597
1945  24.726  26.696  43.565  47.850  55.710  63.400  74.642  73.306  63.533  54.629  36.783  18.081
1946  25.323  30.196  46.814  56.467  56.694  71.617  76.629  71.532  64.150  52.258  34.700  28.306
1947  27.694  18.946  32.484  46.300  56.548  66.666  74.815  81.460  67.733  60.242  32.550  25.661
1948  19.710  22.724  33.419  55.850  61.274  68.483  76.290  74.677  69.367  52.274  35.450  23.210
1949  12.548  16.732  32.935  49.617  62.823  70.650  74.742  73.790  58.953  53.129  45.133  26.161
1950  11.597  22.929  28.903  40.983  55.645  68.717  69.758  68.903  62.667  55.629  32.617  20.500
1951  19.016  25.786  23.468  42.810  60.258  64.050  72.065  70.839  58.050  50.532  30.567  17.694
1952  17.194  30.172  28.323  48.904  59.032  74.667  75.952  71.871  66.929  49.065  37.050  25.032
1953  21.613  26.286  36.613  42.383  58.032  72.817  75.387  75.048  65.667  57.823  40.983  25.565
1954  14.984  37.250  29.581  50.217  55.194  70.567  78.645  72.613  66.350  49.677  42.322  27.452
1955  21.742  17.036  31.339  56.667  65.355  66.783  81.677  81.752  66.900  54.323  27.417  15.839
1956  15.387  19.707  31.790  44.706  63.129  77.183  74.855  75.403  66.474  60.694  37.167  29.943
1957  14.403  28.946  35.274  47.983  59.161  69.333  79.435  75.194  62.182  50.887  37.483  33.269
1958  26.694  18.839  31.452  49.033  64.871  67.804  71.806  76.581  68.150  57.031  39.750  23.387
1959  15.903  21.000  37.710  50.000  60.903  74.567  75.264  78.113  64.450  48.597  29.750  32.742
1960  17.694  17.172  21.339  50.467  59.855  67.817  75.484  75.145  66.467  54.629  40.333  26.758
1961  21.452  30.250  37.468  45.638  58.507  71.367  75.097  75.516  62.117  54.790  36.283  18.823
1962  18.661  21.723  27.290  49.067  65.516  68.367  73.581  73.935  61.017  55.081  41.800  27.102
1963  11.677  25.432  41.952  52.233  61.242  74.673  76.758  74.452  67.500  62.258  41.850  17.339
1964  26.694  28.672  30.903  51.317  65.677  71.717  79.339  69.532  63.067  52.532  36.717  19.742
1965  18.484  21.125  24.435  50.567  64.419  70.133  75.323  73.661  55.517  55.694  37.517  31.435
1966  12.000  22.107  39.855  45.450  60.161  70.983  79.016  70.645  63.367  53.565  35.800  24.000
1967  22.242  23.536  41.532  51.700  57.129  68.883  74.613  72.661  64.383  51.516  36.417  25.113
1968  19.855  23.086  43.855  50.917  57.113  74.200  76.484  76.371  64.250  54.358  36.300  18.855
1969  12.935  24.482  26.129  52.350  63.968  66.183  75.677  75.774  66.200  46.581  39.350  24.694
1970  12.194  29.143  30.500  49.233  64.774  73.033  78.081  76.065  65.467  49.597  35.783  21.452
1971  15.194  26.250  36.226  51.333  59.726  75.150  73.016  76.403  65.933  56.355  38.317  24.500
1972  16.613  20.914  37.565  49.217  61.855  71.100  74.887  73.694  64.067  49.145  35.433  19.240
1973  22.710  26.821  42.048  49.450  60.758  72.517  76.371  79.355  62.583  57.048  37.078  22.081
1974  20.790  30.071  40.726  52.183  61.000  69.800  81.629  70.403  61.933  56.081  38.500  26.597
1975  22.371  19.995  30.339  45.267  64.581  69.983  78.677  76.097  62.217  56.290  36.433  24.516
1976  20.548  34.000  38.177  53.467  59.903  72.000  77.645  76.226  66.517  46.952  31.450  23.806
1977  10.968  30.036  40.790  56.817  67.742  73.345  77.970  70.935  65.983  51.516  34.632  22.081
1978   6.613  11.911  34.242  48.600  61.419  72.417  75.790  74.306  70.900  53.532  34.333  19.177
1979   5.984  11.571  32.887  47.200  59.242  70.750  75.048  73.355  67.950  51.903  33.583  31.242
1980  22.210  22.672  34.597  53.183  61.226  73.217  79.855  75.339  68.190  51.871  40.833  25.903
1981  27.554  30.720  41.258  58.698  60.565  73.533  77.177  72.452  67.350  51.790  42.983  24.339
1982   9.774  25.161  35.516  48.100  63.290  67.400  77.758  74.677  64.667  53.484  33.833  28.226
1983  24.613  30.554  37.758  44.117  58.565  69.037  78.435  80.161  66.833  52.113  29.967   5.516
1984  21.661  31.168  28.274  45.183  58.016  70.613  73.210  75.323  59.350  55.339  37.069  26.065
1985  18.565  24.125  42.258  54.767  64.758  68.333  73.645  69.355  61.633  51.532  24.650  16.065
1986  30.500  24.089  41.742  50.633  61.339  72.967  76.581  68.645  63.550  52.532  33.250  30.242
1987  28.082  36.536  40.548  54.717  67.081  73.717  76.645  70.758  65.203  50.710  39.111  29.371
1988  14.395  21.690  41.129  50.500  65.726  77.367  75.919  76.597  65.783  48.887  38.517  29.194
1989  31.677  16.286  33.790  53.467  61.097  69.767  77.452  74.371  63.417  53.060  34.950  15.806
1990  32.661  30.107  40.645  49.617  57.871  72.433  74.065  74.742  69.150  52.452  39.867  20.969
1991  17.565  34.929  40.371  52.450  63.952  74.033  75.532  75.194  64.933  50.855  28.300  29.758
1992  32.081  35.103  40.532  47.233  60.839  67.317  67.339  68.532  63.833  51.548  32.933  23.864
1993  17.516  18.161  32.597  46.550  58.774  66.917  72.016  71.855  59.133  50.790  31.767  27.003
1994  13.516  17.375  40.339  49.000  63.355  71.767  70.774  69.403  66.100  54.387  38.883  24.890
1995  20.952  30.357  36.339  44.967  55.145  69.350  75.177  77.355  61.683  51.355  33.217  27.081
1996  15.919  28.190  29.919  47.283  57.339  70.900  70.674  71.548  62.091  52.742  28.267  15.677
1997  15.057  26.018  38.776  42.850  56.355  70.900  74.839  71.323  66.100  53.694  33.000  29.032
1998  25.032  35.518  29.226  49.267  65.210  66.883  75.016  74.016  70.417  53.710  39.850  29.984
1999  22.081  35.143  38.403  49.383  60.548  67.967  76.903  71.790  63.633  52.935  47.083  30.210
2000  25.726  35.431  43.113  50.314  63.580  68.317  74.161  75.581  65.317  55.290  27.656  12.797
2001  24.226  17.125  32.387  51.250  61.532  69.517  75.419  73.935  64.067  52.952  47.100  29.806
2002  29.516  32.607  28.694  52.225  57.290  73.783  79.516  72.629  66.050  45.567  36.161  30.984
2003  19.979  22.196  35.597  50.655 -99.000 -99.000 -99.000 -99.000 -99.000 -99.000 -99.000 -99.000
