1893   0.610   1.500   1.730   4.050   1.950   0.790   3.020   2.570   1.430   0.850   1.260   2.350
1894   0.700   0.550   0.580   4.240   2.430   1.150   0.580   1.480   0.550   1.760   0.050   1.000
1895   0.650   0.540   0.520   3.980   2.380   6.240   2.320   3.920   4.770   0.060   1.040   0.000
1896   0.250   0.270   1.670   5.680   6.240   7.740   5.550   1.660   1.810   3.230   3.850   0.230
1897   2.500   0.540   3.010   4.480   0.980   5.820   3.780   1.600   1.010   1.940   0.910   2.950
1898   1.100   0.920   1.230   1.490   6.620   6.030   3.840   3.040   1.100   2.290   0.830   0.250
1899   0.850   1.400   1.450   0.310   7.630   7.680   1.660   3.100   0.440   1.450   0.720   1.260
1900   0.400   1.600   2.340   4.480   3.560   1.900   8.090   2.530   4.090   1.800   0.270   0.950
1901   0.300   1.300   2.180   1.940   2.950   5.050   0.560   2.350  10.970   1.950   1.070   1.500
1902   1.600   0.840   1.490   1.660   2.760   3.430   3.750   4.720   4.850   0.000   0.700   2.120
1903   0.000   1.200   0.220   1.900   8.140   3.740   4.240   6.170   0.970   2.370   0.670   0.190
1904   0.500   0.680   0.450   2.330   4.500   5.050   2.260   5.060   1.210   4.150   0.100   0.100
1905   1.700   1.020   1.560   2.040   8.800   5.050   3.550   3.060   4.020   2.160   3.930   0.000
1906   0.650   1.600   1.950   3.420   1.160   2.830   1.500  10.750   7.320   4.600   0.320   0.560
1907   0.950   0.900   0.080   0.460   3.360   5.750   6.940   1.820   1.600   0.540   0.000   1.100
1908   0.250   0.950   1.500   2.360   4.600   6.470   4.120   3.610   1.160   2.800   2.100   0.520
1909   0.700   1.800   0.650   1.830   5.120   5.620   4.690   3.350   4.320   1.000   2.700   1.470
1910   0.700   0.150   0.050   0.300   1.380   2.050   2.600   5.200   3.640   1.640   0.200   0.300
1911   0.200   0.540   0.270   1.100   2.770   4.490   3.220   4.580   0.850   5.180   0.550   1.100
1912   0.390   0.620   1.820   2.360   1.920   1.650   3.110   4.220   4.040   1.620   0.000   0.400
1913   0.070   1.390   1.400   5.740   9.050   3.090   2.480   1.330   1.420   0.340   0.430   0.370
1914   0.440   0.620   0.640   2.330   3.240   5.750   1.920   3.320   5.230   0.420   0.030   0.980
1915   0.460   3.700   1.400   2.850   7.340   5.000  10.240   1.620   4.510   2.490   1.080   0.750
1916   1.220   0.450   0.800   3.280   4.600   5.360   3.550   2.550   3.710   0.800   0.720   0.800
1917   1.600   0.780   2.250   3.800   4.220   4.670   1.850   3.000   1.720   0.270   0.680   1.050
1918   1.250   0.800   0.890   1.570   8.200   3.790   1.580   4.580   1.530   2.570   2.280   1.280
1919   0.300   2.700   0.940   3.360   3.590   5.070   2.270   1.840   2.490   2.220   2.890   0.350
1920   0.100   0.550   2.140   7.250   6.220   5.260   1.740   1.810   1.620   2.990   1.060   1.250
1921   0.300   0.450   0.420   1.230   4.830   2.200   5.940   2.580   2.680   1.780   0.520   0.500
1922   1.250   0.940   0.620   2.820   3.070   3.870   4.030   1.430   0.720   0.970   2.730   0.150
1923   0.650   0.050   1.520   3.370   4.390   5.160   3.120  10.310   5.940   0.650   0.480   0.800
1924   0.310   1.350   2.020   1.480   1.820   6.930   2.350   3.400   2.480   0.640   0.200   2.350
1925   1.050   0.520   0.450   3.020   0.980   5.390   1.040   0.950   3.170   0.850   0.470   0.780
1926   0.890   0.100   0.510   0.230   2.760   1.820   2.120   5.100   4.960   0.800   2.030   0.600
1927   0.100   2.060   3.640   5.880   5.230   2.910   3.320   4.170   2.720   0.470   0.780   0.560
1928   0.000   2.200   2.330   0.180   4.950   2.640   3.300   1.760   1.570   3.890   1.590   0.150
1929   0.750   1.200   0.560   4.180   5.340   5.410   2.900   2.320   3.220   2.810   0.900   0.400
1930   0.800   0.300   0.550   2.690   5.240   3.930   0.000   3.970   3.060   3.310   2.370   0.400
1931   0.350   0.630   1.270   2.320   1.940   2.030   1.570   0.890   1.700   1.300   3.240   0.920
1932   1.850   1.050   0.900   1.170   6.650   4.150   1.720   3.230   1.720   1.120   0.300   0.550
1933   0.140   0.900   2.850   1.170   2.630   1.930   7.120   2.570   1.920   0.040   0.170   1.110
1934   0.400   0.400   2.580   0.730   0.810   6.520   2.600   0.920   4.130   0.340   1.400   0.850
1935   0.990   1.080   0.930   4.680   2.850   3.680   1.920   4.700   1.280   0.460   1.000   1.020
1936   2.900   2.420   1.230   1.260   3.260   1.790   0.090   1.030   5.440   0.320   0.470   1.720
1937   1.800   0.630   2.060   2.550   2.640   3.100   1.590   5.360   1.260   3.690   0.430   0.400
1938   1.100   1.880   1.310   1.940   4.080   1.960   5.640   1.160   7.520   0.120   2.310   0.150
1939   1.200   1.980   2.050   1.810   2.560   5.790   1.620   3.170   0.400   0.440   0.030   0.580
1940   0.600   1.030   3.230   3.710   0.420   4.280   2.940   2.090   0.390   2.540   2.250   1.420
1941   2.020   2.500   0.710   5.500   1.440   5.300   1.280   1.050   4.050   1.860   0.430   0.910
1942   0.550   1.850   2.630   0.800   4.300   6.170   2.770   1.760   3.690   0.570   0.650   0.340
1943   0.910   0.650   2.070   1.600   2.150   4.540   2.460   1.260   0.350   2.090   0.770   0.050
1944   1.690   1.780   1.210   3.410   6.630   4.360   5.920   8.790   1.670   0.570   1.390   0.460
1945   0.990   1.020   1.260   2.390   4.030   3.490   1.420   3.970   1.290   0.030   0.580   1.750
1946   0.200   0.540   2.450   0.830   3.640   2.310   0.790   2.040   4.380   3.240   2.610   0.450
1947   1.260   0.240   0.660   2.320   3.440   4.910   1.750   1.840   1.600   3.060   2.040   0.850
1948   0.110   1.950   0.540   1.980   1.000   5.990   3.100   3.200   0.890   1.780   2.690   1.170
1949   2.370   0.040   4.200   1.400   4.060   2.240   4.080   1.120   6.230   1.060   0.120   0.370
1950   0.490   1.320   1.530   1.080   4.670   6.360   3.430   2.280   1.440   1.270   0.670   0.050
1951   0.020   1.340   3.120   5.410   3.960   6.710   2.970   7.910   4.390   2.620   0.530   0.620
1952   1.000   0.930   1.920   1.670   4.720   1.360   2.550   4.100   0.700   0.000   0.860   0.970
1953   0.500   2.080   1.100   4.590   5.210   3.210   4.050   3.450   1.530   0.470   1.410   1.600
1954   0.000   1.870   1.530   2.390   3.410   5.580   1.850   4.030   1.970   2.170   0.150   0.400
1955   0.260   1.140   0.520   1.880   1.320   5.430   0.830   0.350   0.870   0.410   0.080   1.200
1956   0.420   0.370   0.370   1.770   2.740   2.000   4.570   2.180   0.680   0.860   0.740   0.360
1957   0.280   0.350   2.600   1.660   5.400   4.330   3.100   2.380   2.950   2.080   1.900   0.070
1958   0.240   1.660   1.180   4.140   1.440   1.720   5.160   0.570   0.640   0.000   0.650   0.150
1959   0.320   0.910   2.820   1.610   7.270   3.050   1.700   3.500   1.390   3.040   3.680   1.140
1960   0.790   0.400   2.290   3.030   7.520   3.830   1.670   7.700   1.600   1.180   1.240   0.530
1961   0.390   0.760   1.660   1.270   3.520   2.000   3.560   1.450   2.390   1.060   0.760   0.910
1962   0.070   1.900   3.000   1.840   6.520   8.230   4.280   2.360   4.510   0.510   0.030   0.550
1963   0.630   0.280   1.180   2.030   2.350   8.660   6.370   3.150   1.780   0.400   0.100   0.170
1964   0.500   0.320   1.980   3.460   2.750   3.900   3.940   6.650   3.240   0.210   0.520   0.760
1965   0.050   1.330   0.620   2.270   5.360   4.150   2.010   2.890   6.700   0.480   0.190   0.500
1966   0.320   1.040   1.160   1.390   0.810   5.560   2.520   5.000   2.150   1.770   0.160   0.720
1967   0.550   0.000   0.130   1.540   3.670  11.060   1.230   3.150   0.470   0.980   0.080   0.420
1968   0.590   0.020   0.680   3.240   0.890   2.250   1.010   4.230   2.550   6.860   0.720   2.230
1969   1.300   1.160   1.040   0.790   2.610   6.110   4.520   2.190   2.560   3.270   0.270   0.890
1970   0.080   0.040   1.710   2.610   4.300   3.690   0.330   1.590   2.780   3.160   2.160   0.900
1971   0.240   2.450   0.880   1.370   1.830   8.820   2.140   0.260   1.100   3.320   1.950   0.850
1972   0.180   0.630   0.490   2.220   7.730   4.750   4.600   1.750   1.550   1.660   1.150   1.320
1973   1.000   0.560   5.490   2.460   4.390   2.680   2.670   0.150   5.920   0.780   1.630   0.830
1974   0.130   0.090   1.130   1.500   2.150   3.590   0.970   3.400   1.650   0.890   0.260   0.410
1975   1.120   0.200   1.740   2.170   2.210   5.160   0.660   3.560   1.030   0.350   3.300   0.080
1976   0.330   0.280   2.000   2.270   1.580   1.750   2.320   1.840   1.350   0.310   0.030   0.240
1977   0.160   0.640   3.550   4.070   3.770   2.470   2.220   2.820   3.400   2.190   1.200   1.120
1978   0.130   1.330   0.350   3.370   3.580   1.210   7.440   2.260   0.540   0.610   0.670   0.830
1979   1.380   0.280   4.870   2.010   5.900   4.380   4.940   3.640   3.190   2.970   2.990   0.190
1980   0.380   0.180   0.710   1.760   2.370   1.740   0.490   7.340   1.400   1.490   0.060   0.330
1981   0.000   0.680   2.090   0.230   2.170   3.730   5.110   2.320   1.000   0.780   1.050   1.740
1982   1.390   0.130   1.370   1.470   7.500   3.090   1.990   1.470   2.390   3.880   2.770   2.610
1983   0.980   0.650   4.350   2.740   2.560   7.350   1.110   1.220   2.450   1.310   2.580   0.090
1984   0.350   0.970   4.250   5.710   2.960   6.730   1.740   0.550   1.020   5.220   0.390   0.430
1985   0.210   0.650   3.210   4.350   1.810   4.830   0.510   5.300   4.280   0.880   0.880   0.230
1986   0.240   0.690   2.020   3.380   5.810   5.310   2.150   2.330   5.130   2.950   0.250   0.280
1987   0.250   0.240   5.600   0.870   2.500   4.780   4.010   2.090   2.940   0.300   1.390   1.350
1988   1.010   0.210   0.360   3.680   3.680   0.820   2.710   4.050   2.770   0.100   0.930   0.090
1989   0.580   0.480   1.110   1.280   1.200   2.210   1.840   2.610   2.490   0.260   0.370   0.600
1990   0.620   0.180   1.640   1.500   6.360   1.780   1.720   2.400   1.180   2.000   1.030   0.560
1991   0.430   0.310   1.560   3.410   4.870   5.580   1.420   1.330   1.420   1.680   2.650   0.520
1992   0.740   1.460   3.680   1.610   2.020   4.850   4.300   7.240   3.940   5.690   1.760   1.310
1993   0.440   1.220   0.720   4.150   5.870   4.630   7.050   4.290   2.290   1.180   1.750   0.430
1994   0.930   1.050   0.110   2.520   0.900   5.360   3.440   2.440   4.060   0.910   0.710   0.940
1995   0.220   0.060   5.200   5.100   6.610   2.000   1.880   5.060   2.940   4.500   1.390   0.090
1996   0.670   0.020   0.840   0.940   3.430   3.060   5.320   2.920   3.090   1.230   3.960   0.920
1997   0.620   1.030   0.600   2.370   6.380   2.090   5.450   1.690   4.590   4.280   0.130   0.590
1998   0.490   0.250   3.040   5.370   3.200   5.660   2.530   2.940   0.770   4.550   3.040   0.380
1999   0.360   1.120   0.660   5.190   5.640   9.850  10.970   0.490   0.320   0.630   0.230   0.010
2000   0.000   1.550   1.000   2.170   4.560   4.450   1.380   3.700   1.130   2.760   3.420   0.090
2001   1.670   0.240   0.480   3.280   3.760   0.870   6.980   1.870   3.740   1.840   4.370   0.000
2002   0.120   0.400   0.110   1.850   2.330   1.610   0.340   5.420   1.170   2.930   0.220   0.190
2003   0.490   0.410   1.790   2.950 -99.000 -99.000 -99.000 -99.000 -99.000 -99.000 -99.000 -99.000
