1893   0.350   0.200   0.000   0.060   0.100   0.100   0.650   0.000   0.650   0.870   0.470   0.390   0.000   0.000   0.310   1.250   2.490   1.520   0.410   0.000   0.020   0.580   0.000   0.060   0.000   0.150   1.420   0.100   0.480   1.020   0.000   0.070   1.040   1.430   0.040   0.000   0.000   0.600   0.820   0.540   0.000   0.000   0.260   0.050   0.200   0.000   0.000   1.810   0.000   0.000   0.000   1.600
1894   0.200   0.000   0.200   0.200   0.100   0.050   0.100   0.400   0.140   0.040   0.000   0.400   0.000   0.220   1.520   1.110   1.340   1.010   0.590   0.130   0.000   0.750   0.280   0.360   0.510   0.000   0.000   0.040   0.100   0.000   0.440   0.240   1.240   0.000   0.000   0.000   0.000   0.000   0.550   1.120   0.040   0.000   0.050   0.550   0.000   0.050   0.000   0.000   0.050   0.950   0.000   0.000
1895   0.000   0.000   0.300   0.350   0.200   0.150   0.020   0.010   0.180   0.170   0.150   0.180   0.800   1.720   0.170   0.200   1.090   0.270   0.600   0.130   0.230   3.190   0.060   2.360   1.220   0.560   0.000   1.040   0.050   1.230   0.450   2.260   0.000   0.480   0.730   0.830   0.350   3.590   0.000   0.020   0.040   0.000   0.000   0.000   0.000   0.400   0.540   0.100   0.000   0.000   0.000   0.000
1896   0.000   0.000   0.100   0.050   0.150   0.000   0.000   0.000   0.520   0.100   0.250   0.300   0.980   0.260   1.750   1.310   2.060   1.980   0.370   2.030   1.850   0.050   4.520   0.350   2.220   0.650   1.500   0.000   0.020   2.870   1.180   0.040   1.510   0.090   0.010   0.980   0.240   0.170   0.410   0.180   1.380   0.000   0.000   1.670   1.600   0.000   0.000   2.250   0.050   0.000   0.100   0.080
1897   1.300   0.700   0.380   0.120   0.000   0.120   0.100   0.220   0.100   0.990   0.050   1.370   1.470   2.310   0.830   0.180   0.290   0.000   0.880   0.050   0.050   2.350   0.170   0.120   0.360   2.820   0.030   1.170   2.020   0.560   0.220   0.660   0.560   0.160   0.000   0.310   0.700   0.000   0.000   0.020   0.310   1.430   0.180   0.110   0.350   0.000   0.200   0.850   1.050   0.800   0.400   0.100
1898   0.000   0.000   0.500   0.600   0.000   0.730   0.000   0.190   0.000   0.400   0.650   0.000   0.280   0.000   0.330   0.820   0.130   1.440   0.030   3.240   1.540   0.630   4.270   0.070   0.880   0.660   1.130   0.020   0.000   1.570   1.670   2.230   0.130   0.130   0.000   0.100   1.000   0.000   0.000   0.000   0.330   1.840   0.000   0.120   0.000   0.430   0.300   0.100   0.250   0.000   0.000   0.000
1899   0.100   0.230   0.000   0.420   0.200   0.000   0.000   0.350   1.000   0.050   1.280   0.050   0.020   0.100   0.000   0.150   0.060   3.140   0.550   0.900   1.860   1.630   1.220   0.640   0.690   4.680   1.250   0.170   0.000   0.240   0.940   0.170   1.180   0.270   0.690   0.290   0.000   0.000   0.000   0.400   0.140   0.230   0.680   0.000   0.070   0.040   0.310   0.500   0.660   0.050   0.000   0.350
1900   0.150   0.150   0.100   0.000   0.000   0.800   0.700   0.000   0.100   0.300   0.050   0.750   1.240   0.000   1.050   1.400   2.030   0.180   1.140   0.140   1.340   1.840   0.130   0.270   0.000   0.420   1.160   4.160   2.470   0.300   0.000   0.050   1.280   0.980   0.220   0.130   2.600   1.320   0.040   0.050   0.000   0.500   1.110   0.140   0.000   0.110   0.160   0.000   0.100   0.000   0.500   0.350
1901   0.050   0.250   0.000   0.000   0.000   1.000   0.000   0.050   0.250   0.300   0.500   0.630   0.750   0.100   0.350   1.040   0.450   2.060   0.350   0.050   0.410   0.130   1.780   1.500   1.720   0.420   0.080   0.000   0.040   0.020   0.790   1.520   0.040   0.000   0.000   4.280   4.420   0.680   1.590   0.410   0.730   0.020   0.790   1.020   0.050   0.000   0.000   0.000   0.550   0.400   0.550   0.000
1902   0.000   0.000   0.000   1.200   0.400   0.300   0.100   0.000   0.790   0.150   0.050   0.200   0.740   0.170   0.390   0.000   1.100   0.900   0.000   1.750   0.110   0.000   0.470   0.770   1.390   0.800   1.600   1.000   0.750   0.400   0.000   0.900   0.900   2.500   0.420   0.000   0.000   4.650   0.200   0.000   0.000   0.000   0.000   0.500   0.000   0.200   0.000   0.000   0.750   0.200   1.170   0.000
1903   0.000   0.000   0.000   0.000   0.500   0.150   0.000   0.000   0.550   0.000   0.160   0.000   0.060   0.000   0.000   0.400   1.500   0.020   2.040   0.100   3.730   2.500   0.560   0.070   2.680   0.180   1.470   1.440   1.300   0.030   3.080   0.400   0.430   1.100   1.160   0.300   0.670   0.000   0.000   1.700   0.510   0.150   0.000   0.320   0.010   0.020   0.310   0.030   0.050   0.120   0.000   0.010
1904   0.200   0.000   0.050   0.200   0.050   0.200   0.250   0.230   0.010   0.130   0.030   0.190   0.090   1.330   0.000   1.000   0.000   0.230   0.350   2.570   1.330   1.960   0.000   1.130   1.490   0.490   1.890   0.000   0.170   0.200   1.330   0.640   2.820   0.220   0.630   0.020   0.080   0.000   0.530   0.000   1.390   2.760   0.000   0.000   0.100   0.000   0.000   0.000   0.000   0.020   0.000   0.080
1905   0.300   0.700   0.000   0.500   0.300   0.920   0.000   0.000   0.000   0.100   1.340   0.120   0.050   0.120   0.000   0.000   1.870   1.160   1.980   2.880   1.280   1.500   0.300   0.680   0.580   3.490   1.660   1.100   0.000   0.390   0.930   0.000   1.040   1.040   0.450   0.160   1.310   2.550   0.000   0.520   0.690   0.450   0.000   0.500   1.430   0.000   0.750   1.750   0.000   0.000   0.000   0.000
1906   0.450   0.000   0.200   0.000   0.000   0.000   0.800   0.000   1.000   0.250   0.550   0.350   0.600   0.950   0.650   0.070   1.350   0.450   0.000   0.000   0.750   0.360   0.000   0.000   1.950   0.960   0.050   0.570   0.700   0.100   1.400   2.650   0.000   6.700   0.450   0.000   4.870   2.000   0.000   0.150   0.000   1.720   2.730   0.120   0.000   0.200   0.000   0.000   0.280   0.100   0.080   0.100
1907   0.400   0.000   0.000   0.500   0.450   0.000   0.000   0.300   0.200   0.050   0.000   0.000   0.030   0.080   0.000   0.280   0.100   0.100   0.300   0.360   2.550   0.240   4.450   0.250   0.860   0.000   1.710   1.850   2.710   0.120   0.550   0.320   0.420   1.000   0.240   0.000   0.000   1.100   0.340   0.420   0.000   0.000   0.000   0.120   0.000   0.000   0.000   0.000   0.000   0.400   0.000   0.700
1908   0.000   0.000   0.000   0.000   0.250   0.100   0.850   0.000   0.000   0.300   0.900   0.200   0.100   0.580   0.000   1.620   0.160   1.620   0.480   0.710   1.380   0.730   3.280   1.650   1.100   0.120   0.720   1.420   0.000   1.980   0.160   1.160   2.110   0.000   0.180   0.000   0.000   0.000   1.160   0.120   0.000   1.500   1.180   0.000   0.000   0.100   1.720   0.280   0.200   0.120   0.200   0.000
1909   0.150   0.000   0.050   0.400   0.100   1.150   0.050   0.600   0.000   0.600   0.050   0.000   0.120   0.450   0.150   0.300   0.650   0.160   0.140   0.810   3.790   0.580   0.720   0.930   2.290   1.480   1.540   1.490   0.000   0.120   1.990   1.740   0.200   0.880   0.930   1.060   1.060   1.350   0.000   0.000   0.860   0.000   0.140   0.250   0.000   1.800   0.650   0.720   0.300   0.350   0.000   0.100
1910   0.300   0.300   0.000   0.100   0.000   0.000   0.000   0.150   0.000   0.000   0.000   0.000   0.050   0.000   0.000   0.300   0.000   1.100   0.160   0.120   0.000   0.060   1.660   0.000   0.280   0.050   0.480   1.480   0.420   0.220   0.120   1.100   3.700   0.000   0.280   1.960   0.000   1.230   0.450   1.480   0.000   0.160   0.000   0.000   0.000   0.000   0.200   0.000   0.250   0.000   0.050   0.000
1911   0.200   0.000   0.000   0.000   0.000   0.140   0.400   0.000   0.000   0.000   0.000   0.000   0.270   0.640   0.240   0.000   0.000   1.420   0.000   0.340   1.180   0.730   0.320   0.900   0.000   2.590   0.000   1.380   0.150   0.610   2.530   1.350   0.340   0.420   1.020   0.370   0.000   0.380   0.100   3.380   0.000   1.600   0.200   0.100   0.000   0.350   0.000   0.100   0.000   0.000   0.600   0.500
1912   0.070   0.070   0.100   0.100   0.570   0.000   0.000   0.100   0.150   0.150   0.320   1.200   0.000   0.140   0.520   1.240   0.460   0.420   0.780   0.000   0.720   0.440   0.910   0.300   0.000   0.000   0.000   0.220   2.530   0.280   0.220   0.380   3.540   0.000   0.160   1.500   0.900   0.480   1.160   0.060   1.560   0.000   0.000   0.000   0.000   0.000   0.000   0.000   0.400   0.000   0.000   0.000
1913   0.070   0.000   0.000   0.000   0.020   0.000   0.000   1.350   0.060   0.000   1.220   0.140   0.000   0.900   2.180   0.000   2.660   2.250   3.580   1.310   1.830   0.160   0.170   0.000   1.860   0.980   0.000   1.100   0.820   0.560   0.000   1.240   0.090   0.000   0.040   0.030   0.580   0.530   0.240   0.060   0.080   0.000   0.200   0.000   0.080   0.050   0.220   0.190   0.080   0.000   0.130   0.050
1914   0.040   0.000   0.250   0.150   0.000   0.300   0.100   0.200   0.020   0.000   0.350   0.050   0.240   0.600   0.000   0.210   1.520   0.520   0.100   1.580   0.710   0.750   2.200   2.130   0.940   0.260   0.440   0.000   0.000   0.000   3.160   0.080   0.190   0.350   0.820   0.680   3.950   0.340   0.260   0.280   0.140   0.000   0.000   0.000   0.000   0.030   0.000   0.000   0.480   0.200   0.300   0.000
1915   0.000   0.000   0.110   0.200   1.650   0.200   1.430   0.570   0.800   0.550   0.000   0.050   0.000   0.500   0.630   0.000   1.720   0.360   0.140   0.820   4.550   1.550   1.550   1.060   2.170   2.790   2.440   2.200   1.940   0.690   0.990   0.120   0.210   0.340   0.280   0.310   2.460   0.000   1.740   1.710   0.000   0.780   0.000   0.000   1.080   0.000   0.000   0.000   0.000   0.650   0.050   0.050
1916   0.050   0.450   0.070   0.650   0.150   0.100   0.000   0.000   0.500   0.000   0.000   0.500   0.000   0.250   0.080   2.750   0.140   0.060   0.240   1.800   2.450   0.680   0.030   0.730   3.430   0.600   0.700   1.710   0.240   0.280   0.860   1.580   0.580   0.120   0.030   0.750   1.330   0.000   1.630   0.000   0.000   0.400   0.400   0.000   0.620   0.100   0.000   0.000   0.000   0.300   0.500   0.000
1917   0.000   0.000   1.100   0.300   0.400   0.050   0.130   0.400   0.000   0.850   1.400   0.000   0.000   0.380   0.000   2.710   0.710   0.870   0.000   0.160   3.020   0.170   2.850   0.050   0.840   0.930   0.870   0.220   0.760   0.000   0.900   1.740   0.000   0.300   0.060   0.120   0.830   0.270   0.500   0.000   0.000   0.000   0.270   0.000   0.000   0.380   0.050   0.250   0.450   0.400   0.000   0.200
1918   0.250   0.050   0.050   0.850   0.050   0.000   0.600   0.200   0.000   0.200   0.600   0.000   0.090   0.000   0.160   0.960   0.450   0.000   0.700   1.350   4.260   2.210   3.000   0.000   0.000   0.470   0.560   0.520   0.280   0.220   0.000   3.230   1.270   0.080   0.000   1.080   0.140   0.000   0.310   0.000   0.820   0.120   1.510   0.120   1.100   1.080   0.100   0.000   0.480   0.000   0.700   0.100
1919   0.300   0.000   0.000   0.000   0.650   0.050   1.600   0.050   0.400   0.350   0.400   0.140   0.300   1.030   1.670   0.120   0.160   0.590   0.700   1.100   0.000   2.030   1.480   0.250   2.330   0.260   0.330   0.900   0.560   0.000   0.780   0.660   0.600   0.280   0.000   1.350   0.180   0.000   0.960   0.580   0.540   1.040   0.060   0.000   2.280   0.100   0.060   0.650   0.100   0.000   0.000   0.050
1920   0.050   0.000   0.000   0.050   0.250   0.000   0.100   0.200   0.200   0.270   0.320   0.430   0.920   0.000   2.650   2.100   2.500   0.260   1.650   0.340   1.320   2.810   0.180   1.870   1.900   1.150   0.260   0.630   0.000   0.850   0.330   0.000   0.440   0.180   0.860   0.480   0.000   0.420   0.720   0.000   0.170   1.040   0.000   1.880   0.520   0.000   0.000   0.440   0.000   0.000   1.250   0.000
1921   0.000   0.000   0.000   0.250   0.050   0.350   0.100   0.000   0.000   0.000   0.050   0.000   0.370   0.560   0.000   0.000   0.450   1.430   1.030   0.610   1.980   0.450   1.550   0.200   0.000   0.000   1.970   0.220   2.990   0.300   0.740   0.320   0.250   0.680   1.050   1.660   0.420   0.000   0.600   0.000   0.000   0.000   1.420   0.360   0.170   0.050   0.250   0.050   0.000   0.200   0.250   0.050
1922   0.200   0.100   0.200   0.000   1.070   0.000   0.000   0.620   0.000   0.300   0.000   0.220   0.100   0.140   2.680   0.000   0.000   0.750   0.570   0.060   0.740   0.950   2.850   0.170   0.080   0.770   0.600   0.000   0.550   2.880   0.230   0.000   0.000   1.140   0.060   0.190   0.000   0.530   0.000   0.820   0.000   0.000   0.000   1.300   0.000   1.580   0.000   0.000   0.000   0.150   0.000   0.000
1923   0.400   0.000   0.000   0.250   0.000   0.050   0.000   0.000   0.550   0.000   0.770   0.200   0.000   0.000   0.420   1.600   1.350   1.250   1.070   0.740   1.150   0.180   2.110   0.300   2.080   0.670   1.360   0.540   0.000   0.120   4.040   3.730   1.100   0.520   2.020   0.030   0.090   3.440   2.380   0.000   0.320   0.000   0.030   0.300   0.000   0.480   0.000   0.000   0.000   0.000   0.000   0.800
1924   0.050   0.200   0.000   0.000   0.360   0.000   0.600   0.450   0.300   0.000   0.200   0.200   1.320   0.000   0.060   0.150   1.270   0.160   0.920   0.140   0.600   0.000   1.030   2.150   0.880   2.870   0.000   0.320   1.850   0.180   1.640   1.260   0.280   0.000   0.390   0.150   1.280   0.640   0.240   0.000   0.640   0.000   0.000   0.000   0.150   0.000   0.050   0.000   2.000   0.000   0.200   0.150
1925   0.200   0.100   0.100   0.650   0.000   0.050   0.050   0.420   0.000   0.000   0.450   0.000   0.000   0.360   0.260   1.300   1.100   0.250   0.090   0.590   0.000   1.280   1.050   1.830   1.220   0.060   0.600   0.280   0.080   0.080   0.310   0.420   0.220   0.000   0.190   1.560   0.600   0.100   0.720   0.600   0.000   0.050   0.200   0.420   0.000   0.000   0.000   0.050   0.180   0.150   0.450   0.000
1926   0.000   0.050   0.000   0.300   0.540   0.000   0.050   0.050   0.000   0.250   0.150   0.110   0.000   0.050   0.000   0.000   0.180   0.410   1.500   0.570   0.250   0.030   0.000   1.660   0.040   0.120   0.000   0.080   0.080   1.630   0.330   1.390   1.930   1.780   0.440   2.440   0.060   2.020   0.000   0.700   0.100   0.000   0.000   0.100   0.080   1.550   0.200   0.100   0.400   0.200   0.000   0.000
1927   0.000   0.050   0.050   0.000   0.660   0.220   0.900   0.280   0.050   1.910   0.350   1.150   1.450   0.700   3.400   0.510   0.000   0.000   1.530   0.700   2.950   2.130   0.080   0.320   0.430   0.770   0.000   1.560   0.380   0.160   0.450   1.240   2.540   0.220   0.280   0.900   0.000   0.220   1.490   0.060   0.000   0.000   0.000   0.990   0.050   0.150   0.000   0.000   0.400   0.100   0.000   0.060
1928   0.000   0.000   0.000   0.000   0.000   1.750   0.350   0.100   0.000   1.350   0.000   0.000   0.980   0.000   0.150   0.030   0.000   1.700   0.040   2.250   0.440   0.520   0.040   1.600   0.410   0.590   1.250   0.000   2.050   0.000   0.080   0.060   0.090   0.610   0.920   0.000   1.230   0.340   0.000   0.000   0.830   2.220   0.000   1.940   0.080   0.410   0.000   0.100   0.000   0.000   0.050   0.000
1929   0.100   0.100   0.200   0.250   0.150   0.400   0.150   0.300   0.300   0.000   0.060   0.000   0.700   0.000   1.440   0.080   2.460   0.320   0.520   0.000   0.000   5.780   0.770   0.310   0.270   2.810   0.940   0.940   0.030   0.960   1.780   0.060   0.000   0.260   0.220   2.780   0.000   0.000   0.440   0.660   0.680   0.000   0.440   1.030   0.300   0.150   0.050   0.450   0.250   0.000   0.100   0.000
1930   0.000   0.800   0.000   0.000   0.000   0.000   0.200   0.000   0.100   0.050   0.200   0.100   0.200   0.000   0.520   1.700   0.410   0.540   4.450   0.090   0.000   1.660   1.210   0.420   0.180   0.680   0.000   0.000   0.000   0.000   0.820   0.050   1.600   0.520   2.180   0.640   0.180   0.000   1.040   1.900   0.000   1.410   0.000   0.000   0.000   0.520   1.850   0.000   0.000   0.200   0.200   0.000
1931   0.000   0.050   0.300   0.000   0.000   0.000   0.600   0.030   0.150   0.050   0.000   0.250   0.820   0.590   0.600   1.130   0.000   0.080   1.640   0.090   0.000   0.130   1.250   0.320   0.460   0.030   1.370   0.130   0.040   0.000   0.070   0.090   0.240   0.440   0.050   0.080   0.130   0.860   0.630   0.320   0.470   0.000   0.150   0.360   0.370   0.320   2.300   0.250   0.050   0.000   0.000   0.870
1932   0.600   0.300   0.700   0.050   0.200   0.050   0.950   0.000   0.250   0.050   0.000   0.600   0.050   0.030   0.000   0.370   0.770   3.380   0.030   0.180   2.620   1.150   0.650   2.190   0.050   0.550   0.700   0.000   0.380   0.210   1.130   1.740   0.000   0.000   0.790   0.000   1.400   0.320   0.000   0.220   0.030   0.350   0.520   0.100   0.150   0.050   0.000   0.000   0.050   0.500   0.000   0.000
1933   0.000   0.000   0.000   0.000   0.640   0.300   0.100   0.000   0.000   0.480   0.510   1.300   0.560   0.000   0.050   0.000   0.000   1.260   1.650   0.000   0.220   0.620   0.620   0.000   0.220   1.140   1.060   4.510   0.890   0.610   1.370   0.300   0.000   0.900   0.520   0.000   0.650   0.230   0.520   0.000   0.040   0.000   0.000   0.000   0.050   0.000   0.120   0.880   0.000   0.080   0.050   0.100
1934   0.400   0.000   0.000   0.000   0.000   0.000   0.000   0.400   0.300   0.700   0.050   0.400   1.240   0.620   0.000   0.000   0.000   0.590   0.180   0.000   0.040   0.000   4.980   1.120   0.220   0.320   1.180   1.020   0.120   0.160   0.000   0.820   0.060   0.000   0.100   1.120   0.880   0.240   1.830   0.000   0.000   0.320   0.020   0.000   0.000   0.850   0.150   0.600   0.650   0.000   0.000   0.000
1935   0.000   0.640   0.250   0.100   0.000   0.000   0.480   0.600   0.180   0.100   0.150   0.000   0.500   0.470   1.750   0.000   2.460   0.480   0.330   1.530   0.380   1.160   0.030   0.000   2.220   0.400   0.340   0.060   0.950   0.570   2.020   0.000   0.300   2.270   0.710   0.480   0.000   0.000   0.200   0.000   0.120   0.320   0.000   0.070   0.000   0.050   0.000   0.900   0.140   0.400   0.020   0.460
1936   0.550   0.100   1.450   0.800   0.450   0.670   1.180   0.080   0.040   0.160   0.000   0.170   1.500   0.250   0.110   0.000   0.080   0.270   0.890   0.440   1.880   1.540   0.200   0.050   0.000   0.000   0.000   0.000   0.000   0.090   0.030   0.000   0.000   0.560   1.470   0.150   4.260   0.000   0.000   0.000   0.000   0.100   0.000   0.440   0.150   0.000   0.100   0.000   0.250   0.000   0.100   1.370
1937   1.000   0.200   0.500   0.050   0.300   0.250   0.130   0.000   0.000   0.000   0.150   1.910   0.000   0.180   0.050   0.320   1.520   1.220   0.160   0.340   0.490   1.060   0.520   0.160   1.590   0.680   0.000   0.040   0.080   0.690   1.260   0.220   2.300   1.940   0.420   0.000   0.250   0.000   1.010   1.730   0.060   1.900   0.000   0.000   0.080   0.300   0.000   0.050   0.050   0.150   0.150   0.050
1938   0.050   0.400   0.450   0.050   0.150   0.660   1.220   0.000   0.080   0.050   1.130   0.000   0.050   0.800   0.400   0.340   0.400   0.780   0.620   1.960   0.550   0.350   0.180   0.400   0.280   0.920   2.630   0.000   0.550   0.910   1.550   0.750   0.310   0.000   0.100   3.120   4.400   0.000   0.000   0.040   0.080   0.000   0.000   1.890   0.420   0.000   0.000   0.000   0.050   0.000   0.100   0.000
1939   0.400   0.200   0.400   0.200   0.100   0.700   1.000   0.080   0.100   0.500   0.000   0.130   1.420   0.330   0.210   1.020   0.250   0.190   0.890   0.000   1.260   0.720   0.650   0.750   0.100   3.790   0.920   0.060   0.420   0.220   0.180   2.910   0.000   0.080   0.120   0.080   0.000   0.000   0.200   0.000   0.370   0.000   0.000   0.070   0.000   0.000   0.030   0.030   0.000   0.000   0.050   0.500
1940   0.500   0.000   0.100   0.000   0.500   0.250   0.100   0.150   0.030   1.300   1.000   0.300   0.630   0.460   0.050   0.880   2.320   0.000   0.250   0.060   0.000   1.640   2.110   0.000   0.590   0.050   0.020   0.450   1.070   1.040   1.060   0.180   0.000   0.770   0.440   0.120   0.000   0.250   0.020   1.460   0.010   0.000   1.070   0.000   1.400   0.000   0.700   0.150   0.000   1.350   0.000   0.070
1941   0.300   0.000   0.820   0.900   0.000   0.000   0.350   2.050   0.240   0.050   0.000   0.520   0.000   1.450   1.740   2.200   0.060   0.350   0.020   0.420   0.560   0.830   0.390   1.110   1.490   1.650   0.000   1.160   0.010   0.000   0.080   0.000   0.910   0.100   0.080   1.290   1.370   0.120   1.230   1.100   0.030   0.210   0.520   0.030   0.180   0.000   0.220   0.000   0.080   0.200   0.030   0.600
1942   0.550   0.000   0.000   0.000   0.200   0.400   0.250   0.950   0.100   0.000   0.490   1.440   0.650   0.040   0.090   0.000   0.670   1.950   2.030   0.060   0.220   0.720   0.330   0.840   1.420   2.940   0.770   0.000   1.370   0.070   0.640   0.460   0.170   0.020   1.440   1.540   0.930   0.590   0.180   0.220   0.000   0.030   0.190   0.130   0.200   0.000   0.150   0.350   0.050   0.000   0.090   0.150
1943   0.250   0.060   0.250   0.000   0.670   0.180   0.150   0.000   0.000   1.200   0.270   0.600   0.000   0.000   1.430   0.000   0.170   0.110   0.800   0.220   0.240   1.100   0.600   2.810   0.000   0.830   0.030   0.310   1.120   0.980   0.000   0.110   0.000   0.790   0.360   0.140   0.070   0.140   0.000   0.070   0.940   0.130   0.440   0.510   0.740   0.000   0.030   0.000   0.000   0.050   0.000   0.000
1944   0.350   0.000   0.000   1.150   0.190   0.900   0.000   0.580   0.300   0.050   0.260   0.450   0.450   0.000   0.360   0.410   2.520   3.560   1.680   0.320   0.770   0.510   1.520   2.460   0.020   0.460   4.100   1.380   0.250   0.000   4.250   0.000   0.910   2.840   0.790   0.000   1.300   0.320   0.050   0.570   0.000   0.000   0.000   0.020   0.420   0.290   0.460   0.200   0.000   0.100   0.300   0.060
1945   0.000   0.220   0.520   0.000   0.510   0.000   0.060   0.700   0.500   0.200   0.460   0.060   0.040   0.650   0.150   1.390   0.200   0.120   0.730   0.670   1.820   0.900   1.300   0.930   0.000   1.160   0.300   0.530   0.190   0.180   1.460   0.180   1.930   0.510   0.000   0.030   0.020   0.470   0.770   0.030   0.000   0.000   0.000   0.000   0.130   0.310   0.000   0.940   0.000   0.150   0.050   0.750
1946   0.000   0.000   0.000   0.050   0.150   0.420   0.050   0.040   0.030   0.780   1.170   0.380   0.120   0.090   0.620   0.120   0.000   1.170   0.550   0.380   0.930   0.740   0.100   0.550   1.070   0.460   0.140   0.330   0.010   0.310   0.860   0.310   0.370   0.360   0.140   2.930   0.170   0.870   0.410   2.490   0.370   0.190   0.050   0.140   2.530   0.040   0.040   0.000   0.000   0.100   0.050   0.300
1947   0.000   0.080   0.130   0.250   0.800   0.020   0.040   0.150   0.030   0.140   0.220   0.070   0.230   1.480   0.590   0.010   0.240   0.460   0.680   0.600   0.200   1.870   1.780   1.490   0.660   0.610   1.450   0.040   0.260   0.000   0.210   0.000   0.710   0.170   0.750   0.050   1.500   0.000   0.050   0.040   0.720   0.200   0.470   2.040   0.220   0.750   0.630   0.030   0.850   0.000   0.000   0.000
1948   0.000   0.000   0.000   0.110   0.000   0.700   0.120   0.270   0.900   0.320   0.000   0.000   0.180   0.700   0.090   0.200   0.570   0.880   0.280   0.000   0.000   0.260   0.810   2.060   2.780   0.340   0.000   0.710   0.280   2.110   0.350   2.470   0.380   0.000   0.000   0.270   0.000   0.150   0.470   1.070   0.000   0.010   0.000   0.780   0.160   0.440   2.010   0.000   0.070   0.010   0.120   0.970
1949   1.690   0.090   0.110   0.480   0.020   0.000   0.020   0.000   0.000   0.040   0.080   1.050   3.030   0.000   1.180   0.170   0.050   0.220   0.470   0.480   2.870   0.400   0.220   0.700   0.240   2.190   0.000   0.600   1.020   0.860   0.110   0.110   0.900   0.070   0.040   2.230   3.980   0.000   0.020   0.270   0.340   0.450   0.000   0.000   0.000   0.030   0.090   0.000   0.030   0.280   0.010   0.050
1950   0.150   0.010   0.080   0.220   0.030   0.000   1.200   0.120   0.000   0.890   0.070   0.270   0.300   0.000   0.270   0.040   0.530   0.770   0.900   1.960   0.460   1.150   0.000   2.080   3.930   0.030   0.320   0.690   2.230   0.180   0.620   1.100   0.410   0.070   0.080   0.000   0.260   1.150   0.030   1.190   0.080   0.000   0.000   0.520   0.000   0.000   0.150   0.000   0.050   0.000   0.000   0.000
1951   0.000   0.000   0.020   0.000   0.000   0.300   0.000   0.110   2.130   0.320   0.920   0.300   0.590   0.690   0.490   1.150   2.060   1.260   1.040   1.110   0.460   1.460   0.150   0.190   5.320   0.490   1.580   1.280   0.100   0.010   0.180   1.160   4.410   1.290   0.900   2.030   1.480   0.210   0.640   0.720   0.860   0.500   0.500   0.040   0.020   0.160   0.160   0.190   0.120   0.370   0.110   0.020
1952   0.130   0.120   0.390   0.360   0.000   0.000   0.400   0.510   0.350   0.080   0.840   0.670   0.100   0.000   0.670   0.770   0.130   0.170   0.870   0.510   3.080   0.090   0.500   0.160   0.050   0.760   1.410   0.550   0.000   0.000   1.510   1.190   0.170   0.690   1.020   0.000   0.490   0.210   0.000   0.000   0.000   0.000   0.000   0.000   0.000   0.080   0.040   0.740   0.000   0.000   0.700   0.270
1953   0.150   0.000   0.350   0.000   0.000   0.470   0.260   1.350   0.210   0.090   0.360   0.210   0.270   0.990   1.650   0.170   1.110   1.390   2.750   0.640   0.970   0.450   2.670   0.010   0.160   0.010   0.500   0.160   0.000   2.480   1.480   2.030   0.650   0.000   0.200   1.420   0.110   0.000   0.000   0.000   0.000   0.180   0.290   0.000   0.030   0.000   1.380   0.000   1.580   0.020   0.000   0.000
1954   0.000   0.000   0.000   0.000   0.000   0.000   0.000   1.870   0.090   0.070   0.700   0.260   0.410   0.300   0.140   0.660   0.530   1.600   0.000   0.390   1.070   3.240   0.050   0.080   2.630   1.190   0.150   0.000   0.030   0.370   0.860   1.120   0.900   1.950   0.000   1.430   0.420   0.100   0.020   0.660   0.610   0.020   0.880   0.000   0.000   0.000   0.000   0.470   0.080   0.000   0.000   0.000
1955   0.000   0.020   0.070   0.170   0.350   0.060   0.000   0.730   0.000   0.030   0.000   0.490   0.000   0.490   0.010   0.130   1.250   0.000   0.000   0.080   1.200   0.120   1.740   0.540   2.290   0.780   0.060   0.560   0.200   0.010   0.000   0.020   0.000   0.000   0.330   0.000   0.020   0.290   0.560   0.310   0.000   0.000   0.100   0.000   0.020   0.000   0.000   0.060   1.200   0.000   0.000   0.000
1956   0.080   0.000   0.180   0.160   0.200   0.000   0.040   0.050   0.080   0.200   0.010   0.060   0.100   0.810   0.100   0.000   0.860   0.360   1.370   0.020   0.000   1.010   0.700   0.140   0.340   0.920   0.750   2.690   0.340   0.110   1.220   0.840   0.680   0.000   0.000   0.020   0.290   0.000   0.370   0.000   0.000   0.160   0.150   0.680   0.290   0.170   0.150   0.000   0.010   0.330   0.020   0.000
1957   0.000   0.280   0.000   0.000   0.000   0.000   0.000   0.350   0.000   0.000   2.600   0.000   0.000   1.300   0.000   0.200   0.160   0.450   2.350   2.230   0.120   0.250   0.950   1.520   0.360   1.500   1.690   1.130   0.000   0.280   1.050   0.720   0.040   0.100   0.860   0.430   0.830   1.300   0.000   1.030   0.320   0.610   0.120   0.850   0.010   1.040   0.000   0.000   0.010   0.000   0.050   0.010
1958   0.000   0.000   0.120   0.000   0.120   0.000   0.170   0.000   2.010   0.610   0.000   0.000   0.050   2.280   0.000   0.300   1.560   0.290   0.260   0.010   0.000   0.890   0.240   1.190   0.280   0.000   2.170   0.580   0.560   1.680   0.170   0.360   0.170   0.020   0.120   0.130   0.400   0.000   0.010   0.000   0.000   0.000   0.000   0.000   0.120   0.530   0.000   0.000   0.150   0.000   0.000   0.000
1959   0.080   0.000   0.240   0.000   0.000   0.480   0.030   0.400   0.100   0.500   0.580   0.000   1.720   0.150   0.010   1.370   0.000   1.990   0.920   0.350   1.260   2.750   0.000   0.000   0.410   2.640   0.000   0.000   0.850   0.000   2.580   0.190   0.490   0.890   0.200   0.190   0.000   0.930   0.270   0.670   0.690   0.000   0.520   1.660   1.940   1.180   0.060   0.000   0.000   0.000   0.000   1.140
1960   0.410   0.380   0.000   0.000   0.000   0.300   0.000   0.100   0.180   0.820   0.860   0.020   0.410   1.630   0.300   0.090   1.010   3.230   0.000   2.510   1.780   0.000   0.700   1.440   0.960   0.730   0.150   1.150   0.200   0.170   0.150   0.300   1.200   2.010   4.040   0.920   0.090   0.590   0.000   0.000   0.320   0.000   0.000   1.060   0.000   0.000   0.000   1.040   0.320   0.000   0.020   0.190
1961   0.370   0.000   0.020   0.000   0.300   0.000   0.410   0.050   0.500   1.140   0.020   0.000   0.000   0.400   0.730   0.000   0.140   0.770   0.500   1.500   0.000   0.750   0.450   1.550   0.000   0.000   0.250   1.250   0.740   1.320   0.000   0.310   0.640   0.500   0.000   0.450   0.950   0.740   0.250   0.000   0.650   0.290   0.000   0.550   0.000   0.300   0.030   0.000   0.140   0.330   0.440   0.000
1962   0.000   0.000   0.070   0.000   0.000   0.000   0.950   0.860   0.500   0.830   0.440   1.120   0.200   0.540   0.220   0.000   1.080   0.000   0.770   2.430   2.360   1.270   4.650   2.860   0.410   0.310   0.720   1.090   0.130   1.640   1.220   0.920   0.000   0.000   1.580   2.110   0.880   0.050   0.500   0.480   0.000   0.000   0.030   0.030   0.000   0.000   0.000   0.000   0.020   0.030   0.250   0.250
1963   0.000   0.630   0.000   0.000   0.020   0.110   0.000   0.110   0.580   0.110   0.440   0.090   0.000   0.180   0.320   0.000   1.530   0.540   0.590   0.140   0.000   4.560   1.200   1.950   1.310   0.970   3.200   0.110   0.160   2.650   1.900   0.270   0.300   0.000   0.820   0.660   0.000   0.760   0.220   0.000   0.000   0.400   0.000   0.000   0.000   0.000   0.100   0.000   0.100   0.050   0.020   0.000
1964   0.000   0.500   0.000   0.000   0.040   0.000   0.240   0.000   0.460   0.080   0.330   1.150   0.000   1.070   0.340   0.050   1.830   0.600   1.670   0.190   0.460   0.000   0.000   2.660   1.240   0.830   1.940   0.580   0.000   0.450   2.500   0.990   0.450   2.280   0.900   2.140   0.000   0.770   0.000   0.210   0.000   0.000   0.000   0.000   0.000   0.520   0.000   0.100   0.120   0.000   0.230   0.310
1965   0.000   0.000   0.000   0.050   0.000   1.250   0.000   0.080   0.020   0.030   0.420   0.150   0.000   1.160   0.370   0.000   0.740   0.460   0.810   1.020   3.070   0.180   2.340   0.320   0.000   1.310   1.000   0.600   0.130   0.230   0.350   0.640   0.200   1.660   0.090   1.380   0.360   2.500   2.460   0.000   0.000   0.480   0.000   0.000   0.000   0.190   0.000   0.000   0.000   0.280   0.220   0.000
1966   0.000   0.000   0.320   0.000   0.000   1.040   0.000   0.000   0.150   0.160   0.000   0.850   0.000   0.000   0.000   1.010   0.380   0.000   0.230   0.000   0.580   1.450   1.870   0.000   2.240   0.000   1.550   0.050   0.800   0.120   0.440   1.510   2.430   0.620   0.390   1.090   0.050   0.210   0.410   0.000   1.770   0.000   0.000   0.000   0.150   0.000   0.000   0.010   0.210   0.000   0.000   0.510
1967   0.520   0.030   0.000   0.000   0.000   0.000   0.000   0.000   0.000   0.000   0.020   0.110   0.350   0.540   0.280   0.140   0.230   0.000   0.610   0.190   1.130   1.740   2.590   3.970   4.040   0.460   0.000   0.330   0.900   0.000   0.280   1.080   0.550   1.240   0.000   0.000   0.390   0.000   0.080   0.380   0.000   0.000   0.360   0.320   0.000   0.000   0.000   0.000   0.140   0.000   0.280   0.000
1968   0.300   0.210   0.000   0.080   0.000   0.000   0.000   0.020   0.000   0.040   0.240   0.000   0.400   1.580   0.210   1.140   0.310   0.160   0.040   0.000   0.320   0.370   0.220   0.000   1.210   0.820   0.300   0.120   0.240   0.350   0.000   1.440   0.590   0.000   2.200   0.550   0.850   1.150   0.000   0.030   0.680   6.150   0.000   0.000   0.410   0.210   0.000   0.100   0.000   0.230   2.000   0.000
1969   0.380   0.000   0.400   0.520   0.000   0.000   0.520   0.180   0.460   0.000   0.000   1.040   0.000   0.090   0.000   0.470   0.230   0.380   0.000   1.280   0.950   0.000   0.270   1.150   0.930   3.760   1.460   1.000   0.480   0.860   1.160   0.120   0.000   0.470   1.160   0.580   0.790   0.840   0.350   0.730   1.040   0.620   0.000   1.100   0.000   0.050   0.000   0.000   0.140   0.000   0.000   0.750
1970   0.000   0.000   0.080   0.000   0.000   0.000   0.040   0.000   0.420   0.520   0.000   0.670   0.100   0.000   1.300   1.310   0.000   0.250   1.770   0.020   0.620   2.020   0.000   2.710   0.600   0.000   0.080   0.000   0.210   0.000   0.860   0.180   0.340   0.250   0.460   0.000   0.750   0.910   0.660   0.040   2.630   0.000   0.450   0.680   1.120   0.000   0.400   0.000   0.000   0.820   0.040   0.040
1971   0.160   0.060   0.000   0.000   0.020   0.000   0.000   2.280   0.170   0.000   0.000   0.880   0.210   0.000   0.000   0.830   0.290   0.360   0.460   0.250   0.400   0.860   4.600   3.710   0.000   0.050   0.990   0.890   0.260   0.000   0.000   0.000   0.260   0.000   0.000   0.100   0.000   0.540   0.460   0.260   0.000   0.020   1.120   1.920   0.000   1.450   0.000   0.500   0.210   0.000   0.000   0.640
1972   0.000   0.000   0.000   0.180   0.000   0.630   0.000   0.000   0.110   0.000   0.200   0.150   0.030   0.250   0.260   0.740   0.940   3.780   1.590   0.080   2.230   0.080   3.010   1.120   0.160   0.460   0.680   0.020   2.780   0.460   0.780   0.480   0.000   0.500   0.940   0.190   0.000   1.030   0.040   0.520   0.000   0.250   0.130   1.690   0.220   0.000   0.000   0.000   0.100   0.000   0.000   1.220
1973   0.000   0.000   0.640   0.360   0.000   0.020   0.540   0.000   0.000   1.360   0.920   1.590   1.620   0.130   1.830   0.380   0.120   0.150   0.180   0.000   2.790   1.510   0.230   0.730   1.330   0.150   0.890   0.000   0.780   1.000   0.000   0.000   0.000   0.010   0.400   2.180   0.440   0.430   2.610   0.000   0.630   0.000   0.150   0.110   0.000   0.410   1.110   0.000   0.020   0.200   0.000   0.610
1974   0.070   0.030   0.000   0.030   0.000   0.000   0.000   0.090   0.000   0.520   0.090   0.520   0.030   1.100   0.370   0.000   0.000   0.000   1.170   0.190   0.340   0.450   2.490   0.000   1.100   0.000   0.420   0.000   0.350   0.090   1.480   0.840   0.470   0.120   0.680   0.760   0.810   0.000   0.000   0.000   0.000   0.000   0.350   0.540   0.050   0.080   0.020   0.110   0.000   0.370   0.040   0.000
1975   0.090   0.460   0.520   0.050   0.030   0.140   0.030   0.000   0.000   0.180   0.440   0.660   0.460   0.850   0.440   0.560   0.250   0.930   0.470   0.000   0.470   0.410   1.270   1.030   2.860   0.000   0.000   0.000   0.140   0.000   0.520   0.480   2.340   0.740   0.000   0.240   0.000   0.290   0.500   0.000   0.000   0.000   0.350   0.000   1.450   0.000   1.500   0.350   0.000   0.000   0.000   0.080
1976   0.300   0.000   0.000   0.000   0.070   0.000   0.180   0.060   0.000   0.580   0.390   0.000   1.030   0.000   0.190   0.480   1.600   0.000   0.350   0.000   1.230   0.000   0.000   0.000   1.750   0.000   0.000   1.040   0.000   1.280   0.200   0.020   1.360   0.000   0.260   0.420   0.570   0.000   0.360   0.000   0.000   0.260   0.050   0.000   0.000   0.000   0.000   0.030   0.210   0.000   0.000   0.030
1977   0.040   0.010   0.080   0.030   0.000   0.000   0.220   0.420   0.830   0.360   0.720   0.680   0.960   0.950   1.180   1.940   0.000   0.590   0.080   0.470   2.440   0.190   0.000   1.400   0.620   0.450   0.000   0.430   1.160   0.630   0.920   1.250   0.000   0.500   1.060   1.100   0.000   0.100   1.290   1.390   0.290   0.120   0.390   0.000   1.160   0.000   0.010   0.030   0.080   0.000   0.500   0.540
1978   0.000   0.020   0.070   0.040   0.400   0.210   0.580   0.140   0.120   0.020   0.210   0.000   0.000   0.840   0.620   0.880   0.150   1.090   0.990   0.100   0.330   1.950   0.000   0.520   0.480   0.210   3.010   0.040   4.360   0.030   0.500   0.000   1.740   0.020   0.000   0.000   0.360   0.180   0.000   0.100   0.360   0.000   0.150   0.000   0.020   0.320   0.040   0.290   0.780   0.000   0.050   0.000
1979   0.000   0.230   0.310   0.840   0.000   0.000   0.030   0.250   1.120   0.030   0.750   2.890   0.080   0.180   0.870   0.270   0.690   0.000   3.760   0.800   0.000   1.340   1.260   0.970   1.050   1.100   0.020   0.000   0.950   0.800   3.170   0.340   1.720   1.100   0.480   1.040   1.410   0.000   0.740   0.000   0.000   0.170   0.150   2.730   0.720   0.000   2.180   0.010   0.000   0.000   0.190   0.000
1980   0.000   0.190   0.000   0.000   0.190   0.050   0.110   0.020   0.000   0.170   0.020   0.000   0.520   1.470   0.290   0.000   0.000   0.000   0.580   0.700   0.150   0.970   0.220   0.770   0.470   0.250   0.020   0.000   0.190   0.280   1.350   4.380   0.590   0.570   0.590   0.000   0.000   1.260   0.000   0.000   0.000   0.720   0.770   0.000   0.000   0.060   0.000   0.170   0.080   0.000   0.080   0.000
1981   0.000   0.000   0.000   0.000   0.170   0.260   0.000   0.000   0.250   0.000   0.000   0.000   2.090   0.230   0.000   0.000   0.000   0.910   0.710   0.520   0.030   1.070   0.120   1.520   0.440   0.580   0.570   0.000   1.400   3.140   1.110   0.000   0.520   0.090   0.600   0.200   0.020   0.000   0.780   0.080   0.150   0.530   0.020   0.640   0.000   0.000   0.260   1.450   0.000   0.390   0.000   0.050
1982   0.190   0.090   0.020   1.090   0.110   0.020   0.000   0.000   0.370   0.040   0.610   0.350   0.000   0.780   0.330   0.170   0.190   0.420   0.710   3.360   2.300   0.820   0.010   1.080   0.310   1.580   0.750   0.240   0.640   0.360   0.790   0.050   0.160   0.080   0.390   0.520   0.420   0.000   1.450   0.730   1.710   1.440   0.000   0.040   2.270   0.110   0.010   0.340   0.240   0.000   0.170   2.200
1983   0.010   0.850   0.010   0.080   0.320   0.000   0.360   0.000   0.540   0.640   1.390   0.910   0.870   0.430   2.040   0.000   0.250   0.910   0.460   1.210   0.000   0.060   0.190   2.580   0.020   4.500   0.000   0.000   0.230   0.880   0.750   0.080   0.060   0.330   0.000   0.280   0.480   0.070   1.620   0.280   0.270   0.760   0.000   0.150   0.620   0.460   0.800   0.550   0.000   0.000   0.060   0.030
1984   0.000   0.250   0.000   0.000   0.100   0.000   0.970   0.000   0.000   4.250   0.000   0.000   0.000   1.630   1.580   0.980   1.400   1.180   0.340   0.210   1.100   0.250   1.140   1.090   4.490   0.010   0.050   0.890   0.190   0.610   0.000   0.000   0.030   0.520   0.040   0.410   0.420   0.050   0.100   1.590   2.080   1.510   0.040   0.000   0.390   0.000   0.000   0.000   0.000   0.380   0.000   0.050
1985   0.000   0.130   0.080   0.000   0.650   0.000   0.000   0.000   0.600   0.000   0.050   0.630   1.930   0.110   0.000   3.290   0.950   0.000   1.200   0.190   0.110   0.310   0.160   0.250   0.050   4.370   0.120   0.090   0.140   0.160   0.520   1.950   0.870   1.440   0.650   0.110   2.490   0.910   0.640   0.120   0.580   0.090   0.090   0.000   0.220   0.290   0.180   0.250   0.140   0.000   0.030   0.000
1986   0.090   0.000   0.040   0.110   0.530   0.160   0.000   0.000   0.000   0.020   2.000   0.000   0.000   0.990   0.700   1.140   0.550   0.640   1.320   2.030   1.790   0.030   1.800   0.720   0.280   2.510   0.000   0.410   0.930   0.810   0.020   0.240   1.090   0.980   0.050   0.130   1.850   3.010   0.090   1.930   0.400   0.000   0.580   0.040   0.180   0.070   0.000   0.000   0.280   0.000   0.000   0.000
1987   0.050   0.000   0.110   0.090   0.150   0.000   0.000   0.000   0.090   0.000   1.850   3.280   0.470   0.000   0.870   0.000   0.000   0.220   0.000   0.740   1.130   0.410   0.340   1.790   1.360   1.290   0.290   0.940   0.310   2.470   0.230   0.340   0.730   0.790   0.000   0.320   1.100   1.520   0.000   0.000   0.000   0.000   0.300   0.130   0.160   0.560   0.000   0.540   1.140   0.000   0.000   0.210
1988   0.000   0.080   0.890   0.040   0.000   0.170   0.040   0.000   0.000   0.000   0.050   0.310   0.000   1.470   0.250   1.080   0.880   0.290   0.000   0.250   2.610   0.670   0.000   0.450   0.000   0.250   1.540   0.830   0.240   0.000   1.350   0.540   0.650   1.590   0.000   0.000   1.180   0.900   0.690   0.000   0.000   0.100   0.000   0.000   0.000   0.450   0.260   0.220   0.000   0.090   0.000   0.000
1989   0.470   0.000   0.000   0.110   0.000   0.110   0.060   0.310   0.540   0.000   0.570   0.000   0.030   0.250   0.020   0.180   0.660   0.220   0.060   0.880   0.000   0.260   0.000   0.060   0.680   1.390   0.060   1.100   0.160   0.520   0.240   0.000   0.540   1.450   0.380   2.410   0.080   0.000   0.000   0.000   0.000   0.000   0.000   0.260   0.000   0.000   0.000   0.370   0.200   0.270   0.000   0.130
1990   0.000   0.000   0.500   0.120   0.000   0.040   0.140   0.000   0.000   1.020   0.210   0.270   0.140   0.000   0.110   0.220   1.170   0.000   1.870   3.080   1.360   0.310   0.110   0.920   0.360   0.130   0.090   1.000   0.130   0.500   0.070   0.310   0.030   1.990   0.510   0.020   0.000   0.580   0.070   0.870   0.400   0.730   0.000   0.630   0.280   0.000   0.000   0.120   0.530   0.000   0.000   0.030
1991   0.140   0.100   0.000   0.130   0.060   0.000   0.310   0.000   0.000   0.000   0.490   0.430   0.640   0.000   1.770   0.120   1.340   1.570   0.590   0.330   0.340   4.220   1.590   1.010   0.980   0.430   0.300   0.000   0.580   0.110   0.010   0.880   0.270   0.170   0.000   0.100   1.180   0.140   0.000   0.800   0.000   0.120   0.020   1.770   0.000   0.500   0.000   1.120   0.000   0.520   0.000   0.000
1992   0.400   0.340   0.000   0.000   0.000   0.000   0.680   0.760   0.020   3.210   0.000   0.000   0.470   0.060   0.000   1.470   0.080   0.000   0.210   1.810   0.000   0.470   1.600   0.920   0.250   1.750   0.560   1.320   0.980   1.290   0.440   3.050   0.360   3.400   1.520   1.700   0.700   0.000   0.020   1.620   4.070   0.000   0.000   1.310   0.100   0.000   0.350   0.040   0.040   1.060   0.000   0.170
1993   0.000   0.130   0.310   0.000   0.000   0.020   0.360   0.840   0.000   0.000   0.000   0.280   1.260   0.650   0.860   1.610   0.090   0.630   1.480   0.120   0.470   3.860   0.570   0.670   2.560   0.490   2.460   1.660   1.200   1.500   0.380   0.220   2.860   0.000   0.830   0.910   0.230   1.130   0.020   0.000   1.030   0.000   0.150   0.000   0.000   1.190   0.560   0.000   0.000   0.330   0.020   0.080
1994   0.050   0.010   0.000   0.870   0.000   0.140   0.010   0.900   0.000   0.000   0.000   0.000   0.110   0.040   1.300   0.060   1.120   0.120   0.230   0.330   0.220   0.530   0.870   0.950   3.010   0.000   1.430   1.040   0.970   0.000   0.260   0.580   0.020   1.320   0.470   1.580   0.860   1.360   0.050   0.780   0.000   0.130   0.000   0.000   0.000   0.000   0.290   0.420   0.560   0.120   0.000   0.260
1995   0.000   0.000   0.020   0.200   0.000   0.020   0.000   0.000   0.040   0.390   0.560   2.490   1.760   0.160   1.460   2.830   0.520   1.280   1.320   0.000   1.520   2.800   0.700   0.000   1.120   0.000   1.130   0.370   0.380   0.000   0.920   0.020   0.270   3.850   0.000   0.120   0.030   2.640   0.150   2.220   0.270   0.000   1.780   1.050   0.000   0.240   0.020   0.310   0.090   0.000   0.000   0.000
1996   0.170   0.000   0.090   0.410   0.000   0.000   0.000   0.020   0.000   0.090   0.000   0.750   0.000   0.000   0.690   0.100   0.150   0.570   0.510   0.340   0.610   2.000   0.460   0.950   1.050   0.000   0.080   0.110   3.760   1.370   2.330   0.230   0.000   0.020   0.340   0.700   0.000   0.800   1.590   0.000   0.010   1.180   0.020   0.680   0.020   2.660   0.070   0.550   0.070   0.050   0.020   0.780
1997   0.320   0.190   0.090   0.020   0.960   0.050   0.020   0.000   0.000   0.120   0.310   0.170   0.000   0.310   0.740   0.410   0.030   1.720   0.200   0.000   5.040   0.300   0.090   1.030   0.950   0.020   1.400   2.780   0.580   0.690   0.030   0.180   1.050   0.270   0.160   0.810   0.420   3.360   0.000   0.000   3.360   0.000   0.920   0.130   0.000   0.000   0.000   0.000   0.100   0.150   0.340   0.000
1998   0.000   0.100   0.310   0.080   0.000   0.000   0.250   0.000   0.510   0.980   0.140   0.270   1.500   2.070   1.790   0.120   1.030   0.000   0.720   0.810   0.000   1.850   1.560   1.560   1.550   0.810   1.480   0.970   0.080   0.000   1.780   0.520   0.000   0.640   0.000   0.000   0.000   0.000   0.770   2.650   0.000   0.810   0.240   2.070   1.820   0.000   0.000   0.000   0.000   0.000   0.000   0.380
1999   0.330   0.030   0.000   0.000   0.000   0.000   0.110   1.010   0.000   0.570   0.000   0.000   0.090   2.310   2.150   0.490   0.240   0.880   0.760   0.300   1.860   2.220   3.920   1.420   1.430   3.490   2.140   0.000   7.800   0.240   0.000   0.340   0.000   0.110   0.040   0.320   0.000   0.000   0.000   0.610   0.000   0.000   0.020   0.000   0.000   0.000   0.220   0.010   0.000   0.010   0.000   0.000
2000   0.000   0.000   0.000   0.000   0.050   0.000   0.340   1.160   0.000   0.400   0.290   0.310   0.000   0.310   0.020   1.220   0.620   0.000   0.170   2.710   1.110   0.570   0.430   0.930   1.970   1.120   0.220   0.250   0.020   0.890   0.820   0.230   0.380   2.270   0.000   0.100   0.000   1.030   0.000   0.370   0.000   0.040   0.740   1.800   2.890   0.320   0.000   0.080   0.000   0.020   0.010   0.000
2001   0.000   0.830   0.020   0.000   0.880   0.020   0.160   0.000   0.000   0.000   0.140   0.120   0.220   0.400   1.190   0.550   1.140   2.090   0.280   0.000   0.720   0.890   0.410   0.220   0.000   1.990   2.500   1.080   0.760   0.670   0.470   0.000   0.920   0.000   0.480   0.770   2.970   0.000   0.000   0.000   1.840   0.000   0.000   0.000   0.000   0.000   3.490   0.880   0.000   0.000   0.000   0.000
2002   0.000   0.010   0.000   0.000   0.290   0.220   0.000   0.000   0.110   0.000   0.000   0.000   0.000   0.000   0.620   0.520   0.600   0.190   1.900   0.000   0.170   0.180   0.380   0.160   1.070   0.000   0.010   0.040   0.020   0.270   0.980   2.570   0.420   0.770   0.680   0.000   1.040   0.000   0.130   1.340   0.400   0.270   0.440   0.480   0.080   0.000   0.000   0.140   0.020   0.000   0.170   0.000
2003   0.140   0.000   0.290   0.060   0.000   0.000   0.410   0.000   0.410   0.010   0.000   0.110   1.260   0.800   0.000   0.670   0.410   1.840   0.880   0.470 -99.000 -99.000 -99.000 -99.000 -99.000 -99.000 -99.000 -99.000 -99.000 -99.000 -99.000 -99.000 -99.000 -99.000 -99.000 -99.000 -99.000 -99.000 -99.000 -99.000 -99.000 -99.000 -99.000 -99.000 -99.000 -99.000 -99.000 -99.000 -99.000 -99.000 -99.000 -99.000
