1893  22.071  11.857  10.929  17.143  -4.143   6.143  20.143  29.214  14.214  30.000  19.571  25.786  40.571  51.143  39.929  44.786  41.857  41.429  54.357  61.143  57.214  61.357  64.429  74.000  75.071  70.357  71.071  76.571  72.429  74.857  72.643  73.143  68.714  71.214  59.857  73.071  67.857  64.500  49.214  52.571  51.857  49.714  44.714  40.929  49.929  27.071  25.357  15.071  22.429  10.071  29.643  19.688
1894   8.857  17.218  29.429  -4.741  12.071  21.845  10.856   6.141  39.857  37.143  49.714  32.071  28.786  46.929  42.857  48.071  60.857  60.714  61.571  64.282  59.500  63.786  62.911  72.929  75.643  76.571  73.000  77.286  78.643  81.786  72.929  82.214  74.669  70.143  74.714  72.643  60.786  63.071  61.000  50.071  47.357  59.286  55.571  39.500  35.143  36.786  29.857  31.500  34.714  34.071  37.000  15.000
1895  15.000   6.357  28.226   2.571   3.643  -2.857  17.857  37.214  34.286  28.000  18.214  41.286  52.971  45.643  54.143  53.884  65.429  67.714  59.071  51.500  58.366  70.026  64.929  68.357  66.452  64.143  73.071  66.571  72.071  71.929  69.857  69.000  68.539  71.786  65.929  65.714  75.857  68.379  52.000  54.714  47.071  44.689  40.620  36.286  35.429  41.286  21.357  18.643  15.571  30.929  27.643  23.165
1896  11.857  32.929  19.643  20.643  35.357  21.143  23.643  28.071  26.832  25.857  19.571  28.500  39.214  37.500  51.429  48.143  61.500  60.429  71.143  53.500  65.214  59.786  65.000  66.286  76.089  70.500  71.071  75.500  69.476  67.643  76.357  75.571  67.857  66.571  67.714  62.669  60.429  51.721  53.929  52.571  48.429  42.929  45.857  34.071  25.143  27.500  16.857   5.098  28.286  36.143  26.357  29.179
1897  15.929  23.571  21.571  -3.714  18.429  19.286  24.857  20.000  10.714  23.214  19.071  30.857  42.214  38.929  41.857  46.643  58.857  55.429  59.286  62.571  59.714  52.714  58.786  73.429  73.857  68.929  79.000  69.643  71.143  74.571  74.714  69.643  63.751  65.357  72.786  82.714  72.071  57.857  71.500  70.286  52.643  45.571  53.500  45.286  37.071  35.929  34.857   6.929  22.929  22.968   4.786  27.062
1898  27.286  26.786  25.214  18.571  14.714  26.786  25.214  19.286  26.929  37.857  38.214  33.214  30.071  35.857  47.429  52.071  50.714  48.214  55.429  58.000  66.612  61.857  66.143  65.071  75.500  71.071  71.857  71.857  76.318  76.143  65.857  69.357  69.786  75.643  77.500  62.786  55.214  67.143  66.857  53.143  52.929  38.786  37.929  44.143  37.429  37.286  16.571  21.643  12.786  13.857  31.500  23.350
1899  10.786  27.500  26.857  21.143  -5.857 -13.214  18.714  25.857  12.429  21.143  20.429  14.143  18.929  28.643  49.553  46.500  60.857  54.143  60.000  51.883  59.357  66.714  63.286  67.857  73.071  70.500  67.143  75.143  73.643  72.643  71.143  74.857  73.500  68.071  77.153  70.571  65.000  55.643  52.571  54.143  54.929  51.143  53.571  41.429  45.643  46.286  43.500  38.786  26.857  19.857  25.571   6.688
1900  20.286  33.643  33.286  24.786  11.071  10.571   4.786  14.571  19.143  31.000  26.214  33.357  35.071  48.643  41.857  53.929  60.429  53.929  65.357  59.857  64.929  65.643  68.714  66.214  71.500  73.929  76.071  75.786  66.214  72.500  80.143  80.143  73.143  74.000  74.214  71.674  66.857  53.143  53.429  64.786  55.571  56.000  52.714  47.857  38.571  26.929  17.429  31.929  31.643  22.571  36.000  15.750
1901  11.429  16.071  33.643  29.643  17.544  11.000  27.357  12.500  34.071  27.214  36.429  33.286  32.214  40.429  46.286  44.929  61.143  66.857  50.714  66.214  54.929  65.786  60.071  69.071  72.500  77.501  76.500  86.071  85.071  83.571  73.071  72.429  74.786  74.214  73.000  67.571  59.344  52.429  60.571  51.714  51.500  52.071  58.571  46.929  33.929  31.429  33.643  37.357  25.786   4.571  10.000  29.188
1902  27.786  30.357  30.000   6.929  -2.571   5.214  20.357  31.786  28.297  39.000  28.571  43.429  39.143  38.357  42.857  50.526  52.143  59.714  62.214  65.571  63.429  64.286  67.571  67.357  59.286  60.651  74.286  69.500  69.500  73.143  74.857  67.214  68.571  66.071  66.857  60.007  58.571  57.929  55.071  52.000  55.429  54.429  54.714  47.429  40.000  36.000  39.357  28.571  13.714  18.857  24.929  13.613
1903  23.214  10.929  24.857  27.143  17.286  19.857   1.786  21.643  24.143  37.143  34.429  26.071  37.857  44.286  47.714  52.032  46.658  47.143  54.643  65.429  64.486  59.214  62.929  63.286  65.571  71.643  69.643  69.643  70.848  74.143  68.857  64.429  69.365  72.714  64.000  66.571  53.143  58.571  56.429  54.139  53.322  52.566  49.341  50.774  42.402  26.364  30.486  27.398  25.331  12.239  27.602  26.421
1904  19.357  28.714  19.857  -0.571  18.143   0.500  10.786  18.571  32.536  37.580  32.849  38.908  36.401  41.636  42.711  40.961  49.566  58.998  53.714  54.929  57.357  62.000  60.571  65.571  68.429  65.000  66.357  71.357  70.857  69.643  67.000  63.177  70.786  64.286  68.966  66.676  57.484  61.242  65.559  57.888  58.886  53.593  42.863  53.077  37.573  42.356  41.956  27.559  25.929  17.643  26.214  21.125
1905  20.786   0.357  17.643   8.143  -7.857  -1.000   7.286  38.214  45.214  31.571  31.143  43.643  55.786  44.419  38.286  38.289  47.929  52.286  48.357  55.857  58.000  63.000  68.286  67.643  63.643  65.000  66.429  68.571  73.929  64.143  71.500  76.000  70.500  72.357  71.143  57.857  66.429  63.714  68.429  66.309  55.763  39.357  38.786  37.143  42.714  44.857  41.214  20.376  30.714  34.357  29.095  28.188
1906  19.071  26.357  24.143  31.429  31.000  12.714  18.643  40.786  26.214  27.357  11.571  23.143  38.214  43.429  44.857  55.192  55.143  53.000  60.143  67.214  62.857  58.429  68.500  69.857  60.714  70.286  68.286  72.286  69.286  71.630  73.786  70.857  78.286  73.571  66.861  71.786  64.643  59.143  58.643  57.214  51.357  53.857  41.571  41.143  42.506  28.071  26.571  33.214  24.786  25.500  19.000  30.688
1907  19.714  15.571  11.571   8.571   4.214  21.571  38.357  25.643  23.643  29.857  37.500  56.929  44.714  42.643  38.286  35.714  40.000  41.786  51.429  52.444  55.500  58.071  57.643  72.643  71.068  68.786  77.643  69.500  71.000  71.786  67.071  74.214  73.071  67.643  71.429  61.143  65.571  65.214  47.500  59.429  50.214  53.071  49.429  46.857  38.857  29.286  39.143  35.000  30.214  29.429  21.000  27.812
1908  23.500  27.214  32.000  25.143  12.071  24.643  24.271  28.643  29.844  31.786  41.429  42.500  36.214  43.786  53.214  60.071  49.571  44.857  57.929  67.929  60.214  60.714  65.429  60.286  73.357  67.357  66.000  76.643  73.857  78.786  76.429  68.786  68.143  63.857  71.286  74.786  76.357  76.914  54.340  57.786  53.357  54.147  38.357  40.995  36.571  34.286  42.929  25.929  21.571  33.500  26.357  30.375
1909  12.571   5.571  24.714  34.796  25.286  21.643  12.143  27.143  34.214  25.857  25.571  39.357  34.500  39.143  35.429  42.857  49.055  48.714  55.500  62.286  59.571  63.643  65.569  64.714  69.857  73.429  68.429  71.071  75.857  68.714  73.857  79.357  78.571  75.929  65.071  61.571  65.869  61.714  60.714  67.857  38.506  45.222  43.000  57.429  46.622  23.230  34.443  37.706   3.643  18.571   3.786  15.499
1910   6.714  16.071  24.571  27.929  23.643  21.429  12.714  11.571  39.464  40.500  50.724  58.714  56.571  52.857  57.189  40.786  55.214  47.071  53.857  57.929  56.214  59.429  59.143  72.607  78.929  76.929  74.357  69.143  76.286  76.214  74.857  70.500  69.857  70.516  64.000  62.000  59.786  65.143  56.049  62.214  67.286  57.000  48.500  38.357  36.929  31.071  35.857  26.929  17.500  24.286  23.143  22.562
1911  11.786  13.357  20.857  29.214  27.643  23.714  33.143  21.571  26.136  49.214  35.714  47.786  35.429  32.643  48.429  52.929  54.857  46.341  64.000  72.786  64.500  68.071  73.637  71.000  78.714  75.286  80.571  71.429  67.429  70.071  70.714  71.357  77.286  65.571  65.357  64.500  73.500  61.214  58.429  53.857  57.643  47.429  37.786  31.643  34.929  24.214  33.000  30.500  36.929  31.000  24.571  10.375
1912  -6.357  -2.500   7.000  25.786  14.186  15.571  32.143  28.571  15.812  19.286  26.571  25.286  40.000  50.929  52.714  42.571  51.786  60.786  57.000  56.143  67.214  64.286  56.214  64.000  63.857  81.286  81.714  73.143  66.571  74.857  68.429  70.714  71.643  71.929  71.571  76.571  58.714  54.071  43.929  58.786  53.286  54.786  50.286  41.071  48.429  40.500  38.000  35.000  26.571  30.357  28.429  34.750
1913  16.231   8.319  21.071  35.071  15.929  18.357  37.214  15.643  15.786  39.071  35.500  19.929  34.786  42.571  42.429  58.429  50.571  54.929  53.929  52.714  59.857  71.786  60.857  73.714  74.000  79.143  78.143  73.857  72.214  73.500  77.643  75.571  83.643  75.500  76.071  82.071  64.643  54.786  51.357  63.786  60.071  39.143  42.143  36.357  41.214  42.071  45.071  42.929  36.071  38.786  24.429  19.000
1914  26.214  29.429  33.500  24.929  27.214   5.714  18.571  17.857  33.500  32.357  44.643  28.206  39.357  35.187  46.357  56.786  53.728  52.643  54.706  61.500  70.786  68.357  74.214  70.143  73.643  68.643  74.357  82.447  76.571  82.643  74.500  74.714  79.071  72.143  65.214  61.071  60.000  65.337  65.286  66.929  53.786  61.357  47.714  56.000  48.071  32.500  36.643  40.429  30.071   4.571  13.786  10.562
1915  25.286  30.500  19.429   1.286  18.857  22.071  29.551  31.286  27.357  20.500  30.571  25.429  26.000  43.929  54.929  68.000  63.500  53.143  62.071  54.199  56.861  58.000  60.000  64.214  65.000  71.071  63.071  75.286  68.000  69.714  65.643  69.714  71.429  65.714  63.429  68.714  59.000  60.571  57.929  54.469  53.643  56.203  59.143  53.643  48.714  33.571  35.857  30.465  34.357  23.857  22.064  23.438
1916  21.071   7.500  14.691  15.571  -0.786   8.929  26.143  38.929  18.294  35.214  39.929  43.000  45.786  35.143  50.000  47.143  48.000  55.143  59.429  47.071  64.571  62.214  60.429  62.571  62.143  72.929  77.500  77.214  78.143  82.929  79.571  72.714  73.214  72.286  67.571  72.286  58.071  56.071  53.571  57.857  56.643  42.929  40.929  51.066  41.244  26.143  34.214  39.857  36.286   9.143   6.286   8.125
1917  29.214  18.143  15.071  11.786   1.714  14.286  25.929  19.000  19.071  29.357  25.786  38.357  43.786  40.857  43.643  48.089  42.571  41.929  52.214  66.643  52.857  58.786  62.500  65.000  69.786  73.000  71.786  74.071  75.786  83.000  73.643  65.429  73.571  72.786  64.143  64.714  66.357  65.429  57.714  58.571  46.214  45.500  36.643  36.643  48.143  42.214  39.786  34.786  10.071   0.929  33.643   9.875
1918  25.571  -0.429  10.929  13.786  -0.786  39.571  17.714  20.429  41.929  36.286  43.714  52.691  49.571  37.929  47.714  45.357  44.300  66.500  58.714  66.929  60.929  64.071  72.000  80.000  73.429  71.643  74.000  70.286  76.429  75.880  79.214  73.000  75.429  73.786  68.929  61.000  60.571  54.571  62.571  61.214  65.286  62.786  41.500  42.500  43.929  42.786  25.929  34.894  40.786  35.714  28.000  22.812
1919   6.429  32.214  39.143  37.143  30.643  20.857  25.429  26.594   7.500  26.857  42.286  45.143  44.286  50.643  43.214  53.591  51.000  50.643  55.143  56.929  65.500  65.500  63.786  77.143  78.643  76.643  74.286  78.071  75.357  81.714  78.929  75.071  74.857  72.214  67.857  75.286  72.357  65.786  58.000  60.000  47.929  46.857  36.429  40.143  33.000  29.571  41.071   7.500  10.000   3.571  26.643  33.125
1920  17.214  28.429  20.929  16.643  30.643  34.429  19.857  26.786  22.000  23.143  37.571  45.143  46.357  30.000  39.786  44.000  42.714  54.786  57.571  56.214  63.929  63.071  70.571  72.571  64.429  75.500  71.500  71.500  76.786  73.214  72.643  71.071  69.857  64.643  63.857  62.643  71.357  74.143  56.429  62.000  64.786  63.143  45.643  38.357  37.143  28.143  38.000  36.071  32.786  35.225  14.500  17.625
1921  35.357  25.643  29.071  29.214  24.143  23.000  37.000  32.357  46.071  39.786  44.286  45.714  43.857  54.071  45.911  52.357  55.000  50.786  58.730  60.071  72.857  68.214  69.857  79.143  76.214  81.214  74.000  79.714  77.286  77.000  69.000  69.071  68.214  71.714  76.714  68.071  64.571  64.857  62.286  53.071  53.286  62.000  55.786  47.000  38.714  32.559  19.786  34.500  35.071  41.643  14.500  20.188
1922  19.500  27.929  16.071  15.286  22.214  18.929  15.000  21.643  21.509  32.857  48.357  41.929  36.000  52.929  45.959  48.857  53.071  62.500  64.929  58.000  67.000  61.786  74.000  74.643  77.143  70.500  70.071  71.429  74.714  74.714  75.286  75.643  79.500  76.286  75.643  80.357  63.857  67.000  66.214  68.071  49.071  51.438  57.286  51.000  45.571  38.286  34.429  39.786  18.857  12.500  22.429  34.312
1923  23.000  36.786  33.929  24.500  14.643  20.500  14.286  31.071  37.357  33.214  22.786  31.286  36.357  40.286  47.643  54.357  54.000  62.929  53.714  57.571  62.286  72.929  65.143  69.429  79.500  67.857  78.615  80.786  81.500  78.571  73.786  74.929  73.143  67.500  68.429  68.429  59.143  61.929  66.786  56.286  57.714  45.286  40.500  34.643  43.786  47.786  39.522  32.000  38.500  34.071  38.000  24.688
1924   1.214  13.714   7.143  20.071  36.857  20.714  33.357  19.286  35.000  23.643  27.571  33.714  32.929  50.786  51.143  46.071  53.495  59.857  44.130  53.571  52.500  58.714  58.571  72.571  70.929  65.714  66.786  69.714  71.929  72.571  75.429  67.857  69.357  74.643  70.500  64.357  56.857  59.286  56.500  58.143  61.571  64.143  52.357  51.500  40.071  38.286  39.071  33.000  20.786  26.643  -3.357   5.875
1925  20.000  10.571  17.571  21.214  19.786  32.786  25.429  35.643  24.857  40.143  31.214  49.643  50.643  55.357  59.857  59.714  56.286  49.286  54.357  59.786  64.143  71.429  72.214  72.643  73.643  69.143  77.714  82.786  73.786  72.429  71.357  72.929  76.000  75.643  80.286  78.929  65.429  68.357  66.381  51.815  42.357  39.000  34.929  34.071  37.786  39.786  37.857  32.214  33.429  29.286  22.143   9.250
1926  26.357  26.714  23.714  15.500  23.786  34.500  31.357  37.071  36.000  29.786  35.714  48.122  25.571  33.214  49.429  58.143  52.571  70.286  60.214  63.571  76.000  70.500  73.714  73.786  66.643  75.643  78.929  73.571  86.591  75.571  77.071  73.071  73.857  75.714  77.571  69.429  65.214  65.714  48.214  56.643  59.214  56.429  46.549  37.429  38.857  34.429  22.429  28.357  24.000  12.143  25.496  25.312
1927  36.929  21.857  12.000  19.714  37.214  27.929  22.214  35.500  27.500  40.000  43.929  29.500  40.714  44.071  47.071  46.786  57.786  55.286  54.931  61.214  64.786  58.143  67.000  60.071  72.286  79.643  73.286  75.009  72.214  72.929  69.286  71.143  67.071  65.929  72.214  75.143  79.929  56.857  50.714  53.857  52.500  56.143  65.071  49.000  39.500  23.286  33.214  30.339  10.357  14.000  11.786  16.250
1928  15.071  40.143  25.286  21.714  30.429  30.214  24.357  18.000  32.125  34.857  33.610  53.143  37.857  44.857  40.969  42.357  47.857  60.143  63.643  61.714  64.357  60.286  63.929  67.429  65.929  67.571  79.571  72.857  76.143  70.857  75.929  79.143  78.571  71.071  70.214  68.451  67.786  58.571  53.500  63.714  58.989  51.143  44.143  31.429  41.571  42.643  36.500  34.714  24.071  36.071  26.286  35.125
1929  11.357  19.000  14.929  -0.286   9.357   2.214  12.714  15.857  30.000  35.214  42.643  41.714  41.871  55.857  43.143  49.714  54.000  48.429  53.214  56.643  66.786  65.000  65.357  71.429  68.714  70.643  71.714  74.500  75.643  79.357  72.643  74.857  70.571  77.071  75.643  59.143  60.500  58.643  59.214  56.357  54.071  61.214  43.857  36.143  37.429  37.643  20.786  21.429  24.929  29.571   6.786  37.125
1930  25.286   4.214  -5.151  10.714  25.929  42.286  36.357  48.000  25.429  39.571  45.857  37.643  35.357  60.571  63.929  47.143  50.214  67.857  58.643  50.500  65.714  60.357  57.500  63.500  76.143  72.143  82.714  80.357  81.357  81.071  83.643  76.571  74.286  69.857  70.286  68.214  69.929  66.929  56.143  62.857  60.714  34.643  48.786  40.786  42.357  45.071  35.000  26.143  34.143  31.714  22.929  28.812
1931  29.714  23.286  24.714  39.857  38.643  34.571  35.071  37.857  32.214  32.071  37.929  41.071  27.929  48.143  62.143  51.500  45.714  54.214  48.071  62.571  64.000  68.704  67.214  73.786  81.643  88.071  70.357  75.571  81.500  82.571  80.571  72.714  78.571  74.143  69.786  82.214  79.071  65.857  60.357  63.786  55.714  55.643  55.500  41.286  47.431  48.357  28.929  24.500  26.214  23.643  37.143  34.750
1932  18.357  15.929  18.643  20.286   1.071  29.071  18.071  28.643  40.938   5.214  29.429  32.143  45.643  53.489  48.786  56.571  50.429  59.429  60.071  66.857  64.357  63.714  71.786  68.571  72.286  74.286  68.286  82.214  82.929  80.214  72.357  72.571  71.643  75.714  72.786  67.500  64.429  59.643  56.643  56.786  48.857  53.929  42.714  38.500  36.286  27.000  34.214  39.643  18.500   2.766  23.786  27.062
1933  37.000  33.143  28.143  28.714  17.429  -1.929  18.929  39.500  38.286  25.929  42.429  23.286  47.143  41.500  40.214  55.286  55.214  47.857  49.643  66.714  65.000  69.786  80.357  75.143  79.786  80.643  78.000  77.429  73.500  73.929  71.000  74.214  70.143  67.786  69.429  80.643  66.643  69.071  63.093  58.929  51.786  50.786  42.786  50.929  31.500  38.286  43.929  40.000  34.071  22.571  36.929  13.375
1934  16.000  26.714  32.929  34.929  29.000  28.571  37.643  15.643  31.214  26.429  40.574  36.071  33.143  49.143  49.214  51.714  54.500  70.857  70.286  76.286  66.357  84.429  70.786  67.286  75.000  81.286  72.929  78.857  87.951  81.643  79.714  80.286  78.357  65.357  69.357  60.786  63.643  57.357  52.268  62.357  63.929  55.714  53.429  39.929  45.571  47.286  37.071  26.357  18.500  27.500  27.143  16.500
1935  31.071  23.357   4.643  14.429  33.143  29.714  34.643  29.071  29.143  27.500  45.000  52.571  37.429  33.429  40.000  51.286  55.286  46.286  60.643  51.071  55.000  58.571  58.643  73.571  63.714  71.071  80.500  79.429  83.429  85.857  82.357  81.786  81.071  73.929  58.643  60.714  70.786  72.929  63.714  46.643  53.786  59.500  45.857  33.357  38.500  30.613  36.500  32.000  33.004  29.214  24.214  14.938
1936  15.071  24.143   2.000  -7.143  -1.429 -10.571  -9.286  14.357  30.162  41.500  40.286  42.714  29.000  29.929  57.571  49.857  55.500  62.786  59.143  68.071  69.500  68.786  67.000  75.500  72.786  84.000  89.216  90.500  87.576  87.000  80.286  83.857  88.017  82.714  75.500  74.786  74.026  71.071  59.500  58.286  54.929  53.286  38.786  41.000  32.929  43.857  41.643  33.786  16.857  27.143  32.643  28.875
1937   7.357  10.214   4.786   9.286   4.643  13.643  30.786  23.286  31.000  39.429  31.143  33.429  30.286  38.643  50.857  59.714  42.500  57.071  62.071  62.831  67.643  68.071  59.714  70.429  78.571  71.000  83.071  81.357  76.786  75.857  81.500  82.143  83.429  75.571  81.286  74.000  64.929  70.214  56.286  58.571  49.000  41.143  49.857  50.000  48.357  28.786  23.571  28.857  14.571  20.357  28.857  32.500
1938  22.786  18.143  30.214  21.071  16.429  31.571  15.714  12.214  36.429  33.143  45.571  50.571  42.286  33.857  57.214  57.929  60.143  62.643  51.143  58.500  60.714  66.857  67.929  70.357  78.500  72.071  78.714  80.000  75.429  75.286  80.286  79.571  80.929  77.714  72.714  77.286  67.714  59.357  67.714  71.500  64.929  57.643  49.161  52.071  35.429  37.286  26.286  29.857  34.714  29.643  25.714  21.062
1939  36.929  33.643  21.000  27.429  21.000  10.714  20.786  11.214  29.000  25.857  29.929  57.857  37.786  41.214  42.714  46.357  62.786  68.286  58.857  68.857  74.500  72.571  72.929  68.714  73.857  72.357  78.000  81.714  77.214  78.143  78.429  67.929  75.929  67.500  77.786  76.714  80.479  72.286  53.643  63.929  51.000  55.929  47.857  37.214  42.929  48.786  38.571  37.500  45.000  40.429  29.571  17.062
1940   1.714  11.857   3.929   5.447  23.429  20.643  26.571  18.643  30.250  33.019  28.714  26.929  42.000  43.500  46.500  51.429  47.571  53.643  63.857  59.429  59.643  71.000  66.071  71.714  74.214  72.357  73.000  77.429  85.429  83.143  79.071  72.714  73.714  70.643  67.500  76.571  63.071  78.786  62.000  61.214  59.500  58.571  63.714  48.214  35.571  19.286  30.286  22.643  35.857  18.143  27.143  34.375
1941  19.500  29.714  20.571  14.786  28.714  25.143  27.929  11.929  23.214  33.643  26.143  36.214  41.714  45.786  56.571  49.143  57.143  63.500  57.143  70.929  65.286  71.071  61.429  61.143  74.286  74.571  71.500  70.500  77.786  84.429  82.143  81.643  70.929  72.000  75.857  69.786  68.000  69.500  53.643  56.000  58.143  56.929  48.714  38.643  31.429  51.286  30.714  42.429  38.786  25.571  42.286  18.688
1942  -3.929  24.071  37.571  42.286  28.714  27.000  19.714  20.643  23.214  38.571  36.714  45.357  30.857  42.929  51.143  56.071  63.286  50.143  58.429  51.643  64.000  72.929  74.143  64.571  64.429  72.143  71.214  78.857  77.643  75.286  75.429  72.571  72.714  75.767  76.643  64.929  70.429  54.500  45.357  61.824  62.071  55.143  37.143  41.929  38.643  49.000  38.429  18.643  20.071  23.071  27.929  23.875
1943  15.857  26.643   5.357  12.357  26.357  29.643  22.143  40.357  25.071  15.000  26.714  37.000  55.643  52.714  47.357  51.143  58.643  59.071  49.857  51.571  59.214  76.429  59.286  71.000  80.000  73.143  74.857  77.714  76.571  82.286  78.571  82.357  71.000  79.429  75.286  64.857  61.357  60.714  66.357  57.591  60.571  51.714  48.071  42.071  32.071  35.786  35.286  34.500  38.429  23.071  25.857  27.812
1944  25.714  17.929  38.286  40.571  32.286  24.929  11.214  30.143  30.750  24.141  27.786  31.929  29.786  41.643  46.857  42.286  46.643  48.429  60.214  74.643  69.714  74.714  57.714  75.357  71.714  77.000  76.500  71.786  71.643  73.643  75.929  80.000  73.071  66.357  65.214  65.786  62.071  63.786  59.857  53.357  49.714  53.786  56.929  51.571  45.714  39.643  36.071  17.857  31.786  27.000  20.071  18.562
1945  16.929  29.786  29.643  28.429  15.929  29.214  30.071  27.786  24.214  28.571  49.143  54.286  53.500  42.214  51.357  47.500  49.000  54.143  48.643  51.929  63.143  58.714  53.571  64.643  69.929  68.929  72.500  70.357  77.786  76.986  78.357  71.929  74.571  67.786  76.786  77.786  59.357  64.286  50.500  59.643  52.429  60.000  49.143  46.000  39.643  40.071  28.857  33.071  29.500  11.286   6.500  20.565
1946  26.643  26.357  24.071  24.357  22.571  24.929  28.143  39.286  43.643  29.429  48.319  50.786  61.071  51.714  49.214  65.214  57.857  56.571  50.143  56.929  60.643  57.929  74.286  77.429  69.071  73.143  75.786  78.071  76.929  75.357  79.000  70.643  74.071  71.714  64.071  68.143  65.929  62.286  59.571  59.714  45.357  48.143  54.643  47.571  35.143  31.643  32.857  32.786  41.857  30.357  27.000  16.125
1947  15.357  34.143  27.429  39.071  12.214  13.500  34.571  13.714  19.857  29.214  28.357  40.571  39.643  38.857  43.571  47.643  53.714  56.357  55.571  60.929  57.643  54.857  69.067  61.500  66.643  72.714  73.500  76.071  70.321  78.929  84.143  83.714  78.786  80.752  77.429  80.000  65.143  68.929  54.786  64.143  65.571  67.500  49.214  47.357  30.857  30.214  28.714  33.071  20.929  24.643  27.357  26.562
1948  30.643  28.214  17.500   3.000  17.071  11.143  30.857  25.786  28.125  12.786  35.000  48.571  42.214  49.429  54.000  61.786  59.786  57.143  52.929  68.571  67.429  64.857  72.143  66.429  63.643  72.214  82.357  74.857  73.000  75.000  67.357  70.429  74.929  80.786  80.500  69.000  74.357  72.143  59.500  55.143  50.286  48.500  53.786  53.643  36.643  41.214  26.357  26.000  26.286  23.571  25.357  17.000
1949  25.214  15.429   8.786   3.714   3.786  15.643  18.000  21.714  29.714  30.429  23.071  39.500  37.500  43.071  48.857  47.571  59.786  65.429  61.214  64.357  57.000  67.857  65.214  70.643  73.500  76.571  80.643  71.214  72.143  77.143  68.571  79.786  74.643  73.000  66.429  62.857  56.786  59.786  55.870  62.857  54.429  51.214  47.500  47.000  51.286  41.286  39.500  45.143  30.000  23.143  21.000  26.438
1950  10.643  18.071  12.143  10.857   7.429  34.286  19.214  18.286  26.357  27.071  19.643  33.571  39.071  38.571  34.000  49.429  43.643  41.786  52.143  61.500  61.571  59.929  68.000  72.357  69.357  68.786  69.000  69.500  68.000  70.071  72.214  73.357  69.929  65.786  67.429  65.714  58.286  63.214  60.071  48.571  57.357  61.000  51.286  53.571  36.214  36.218  23.071  26.643   8.143  24.714  24.143  22.750
1951  17.786  27.071  27.714  13.214   6.000  18.000  21.571  39.071  29.143  17.286  19.286  21.643  37.857  40.429  37.544  39.616  51.599  58.714  54.143  64.786  61.929  60.500  58.929  67.857  66.000  67.000  67.643  64.857  79.286  76.643  75.500  74.143  66.786  66.857  70.286  62.143  60.857  59.357  48.714  61.071  56.500  46.286  40.857  32.214  31.286  34.929  28.786  35.500  34.929  13.357   0.143  15.125
1952  13.429  22.214  23.500  10.143  27.143  34.571  34.214  19.000  23.688  24.929  31.214  26.429  38.229  39.786  38.000  56.500  59.786  67.286  50.714  57.143  64.000  60.643  72.786  80.929  72.571  76.857  75.214  74.071  79.357  75.429  73.643  68.643  73.429  70.786  69.857  71.786  73.196  58.571  66.000  49.143  53.786  42.357  51.857  48.071  39.500  47.429  33.429  16.643  33.643  27.143  23.214  18.125
1953  19.714  24.714  11.571  26.000  27.429  34.071  20.429  21.429  27.714  31.500  41.857  39.500  42.643  41.071  39.714  38.929  49.643  47.429  56.714  56.429  63.357  69.857  63.143  78.786  77.143  75.000  72.143  71.786  76.500  80.000  77.857  70.714  70.357  74.857  83.929  65.643  67.000  62.714  62.071  59.571  60.429  67.500  45.429  52.071  36.143  52.143  33.357  36.500  26.571  26.429  19.714  25.438
1954  30.357  13.214   6.000   6.143  32.857  36.929  38.071  37.571  26.786  32.500  27.286  36.643  25.714  41.929  56.929  50.714  56.429  38.643  51.357  61.143  63.286  57.857  66.071  74.357  72.714  77.500  78.429  83.857  78.714  75.000  72.714  68.214  72.500  74.857  76.143  69.786  65.643  61.429  66.357  49.357  57.643  47.429  50.786  32.571  51.071  47.929  40.521  30.500  26.429  25.929  31.071  27.750
1955  29.357  21.643  21.786  14.929  21.786  11.857  22.929  11.571  28.143  31.714  37.500  22.643  34.500  48.571  56.929  62.000  58.857  69.643  60.786  67.357  66.429  67.214  61.214  61.214  69.786  72.286  84.143  80.286  77.857  82.143  90.357  75.286  81.357  85.500  75.330  69.857  70.429  71.643  55.357  60.929  60.357  50.357  52.214  36.429  39.429  18.786  29.643  14.714  13.000  13.214  11.643  24.062
1956  27.786  21.214   1.929  13.286   8.429  28.357  16.857  21.000  27.875  26.857  23.214  37.571  39.429  46.532  45.714  44.706  42.571  44.571  64.714  64.357  69.786  68.500  73.500  81.714  80.571  78.571  73.929  75.214  71.143  77.786  78.929  75.357  74.572  73.357  75.000  63.214  67.886  63.286  69.571  64.071  62.643  64.786  54.429  49.643  42.071  37.643  30.214  34.857  25.177  25.429  28.357  36.188
1957  28.643   5.929  17.286   6.571  14.643  34.786  34.357  22.643  32.857  33.286  32.357  36.786  42.357  34.786  38.000  57.786  59.571  58.857  61.357  51.643  59.143  67.500  69.929  68.214  69.929  72.000  77.714  79.643  81.857  78.071  77.786  78.500  75.571  72.571  73.786  63.357  59.143  58.924  63.714  63.357  51.286  50.214  39.071  44.357  37.357  38.786  36.643  35.286  34.643  34.500  37.357  26.666
1958  19.071  37.429  27.143  25.000  19.214   8.429   5.643  35.929  30.000  28.929  24.857  34.357  43.929  44.929  49.929  57.357  43.000  58.571  65.857  63.214  67.500  68.214  72.286  61.571  65.786  74.874  71.429  70.071  69.714  74.286  78.000  81.930  77.643  68.071  76.357  73.071  66.714  70.000  59.786  63.231  60.500  62.477  46.429  48.143  45.571  44.643  39.143  23.571  17.571  12.143  31.214  27.875
1959   9.214  27.714  10.929  16.286  16.357  14.714  20.500  22.286  37.214  32.000  35.214  44.500  41.357  54.714  42.857  46.286  53.857  67.429  56.143  59.214  60.357  64.643  76.643  78.000  74.429  70.929  74.357  72.601  76.641  79.571  78.143  74.357  76.359  82.500  74.786  76.643  61.571  61.571  57.571  51.143  45.357  53.929  45.857  44.357  30.929  17.929  34.929  28.500  34.500  37.214  29.500  29.375
1960  17.214  25.429   9.286  13.857  30.143  25.214  15.643   8.429   5.875  13.500  17.857  26.929  38.857  42.071  50.857  59.214  53.429  53.429  53.786  61.214  65.500  67.214  65.286  65.143  68.000  71.143  70.357  76.714  78.643  79.286  77.929  72.714  73.143  74.143  78.429  77.429  63.000  61.929  58.857  60.071  62.929  47.500  53.429  41.857  38.071  43.500  46.143  29.500  32.643  29.571  15.857  28.188
1961  23.214  29.000  24.786   8.286  18.643  29.000  35.071  31.286  38.929  29.714  36.000  42.500  40.000  39.948  41.571  51.714  50.500  49.643  61.929  56.143  59.961  67.000  71.286  70.286  68.000  79.786  76.714  71.429  74.000  76.071  78.714  74.929  74.500  70.857  80.429  68.643  60.071  61.571  53.571  59.071  55.500  57.357  49.929  42.857  37.214  33.214  37.071  39.143  31.500   6.000  14.286  16.062
1962  27.643  13.714   1.714  25.357  38.309  23.929  31.654   9.214   3.714  23.571  22.000  33.500  40.143  42.071  37.929  56.500  62.000  61.000  67.429  70.357  63.143  58.571  65.571  70.643  70.143  74.857  78.929  73.929  75.000  67.857  73.000  75.357  72.429  75.214  70.429  59.571  67.286  57.857  57.071  56.500  67.714  54.286  45.500  42.643  41.429  39.786  42.214  47.000  31.571  22.714  30.452  18.625
1963  31.286  13.286   3.357   0.643  17.759  31.107  24.600  19.638  31.553  33.357  35.571  47.429  59.071  55.929  48.714  52.643  50.857  59.429  66.000  59.429  54.857  70.429  79.171  67.286  71.714  80.643  75.643  72.714  79.786  79.000  76.357  77.857  69.143  77.286  69.500  70.643  67.143  67.357  65.070  68.643  64.429  63.714  59.500  45.143  49.000  39.286  36.643  37.000  33.714   3.000   1.571  26.438
1964  36.071  11.143  33.071  21.786  35.286  30.571  29.071  22.643  33.188  29.286  38.929  24.643  30.857  39.929  55.286  54.214  56.429  59.071  60.000  71.500  73.000  59.142  70.714  70.929  72.071  79.929  78.000  75.571  83.929  79.786  81.000  70.071  66.643  63.786  72.286  69.214  58.714  60.357  58.714  55.786  51.000  53.214  49.000  52.286  50.214  39.214  28.929  15.857  19.500  24.286  17.000  18.500
1965  29.286  14.857  19.214  17.357   4.357  27.214  19.143  18.214  26.929  31.143  29.071  12.429  31.071  44.357  51.786  54.357  50.500  69.357  62.714  64.857  63.429  65.000  66.429  68.929  72.643  73.643  73.357  75.071  78.857  74.571  75.286  75.571  78.714  70.643  65.214  62.000  59.071  47.571  50.643  60.286  54.357  58.286  49.500  52.500  41.929  35.857  39.929  25.786  37.500  28.071  33.714  25.312
1966  22.929  25.857   9.714  -3.143   1.929  32.000  18.857  17.500  34.071  30.786  50.357  37.214  47.286  39.857  43.286  43.286  55.357  56.643  49.071  62.000  69.143  66.571  62.714  66.429  76.571  78.714  80.857  82.714  76.929  75.857  75.214  68.500  70.429  66.143  75.500  67.000  65.500  59.929  58.286  57.071  59.786  48.286  53.571  35.571  32.143  39.357  40.714  27.643  24.929  28.071  33.000  14.688
1967  19.929  22.214  17.714  24.857  30.214  24.571  21.929  15.714  37.286  35.357  29.857  49.286  53.571  52.214  51.857  52.000  49.714  44.429  54.429  60.500  74.286  55.286  70.857  70.714  66.643  72.000  68.786  71.500  77.357  78.000  76.714  71.143  73.071  76.929  64.929  66.929  65.643  66.143  59.929  63.357  51.143  50.714  45.071  37.357  40.286  40.143  36.357  29.500  32.643  26.143  24.643  15.812
1968  -0.143  12.071  31.643  33.286  28.429  26.714  17.071  18.929  32.438  42.500  45.714  36.643  54.357  45.786  54.071  53.500  49.214  60.643  54.929  53.714  55.571  68.143  80.571  69.929  78.143  67.786  73.714  80.357  78.571  75.786  76.929  79.357  74.571  80.500  67.071  64.500  67.857  62.214  61.500  56.500  60.929  53.000  46.513  51.357  30.071  34.000  39.000  34.643  27.929  22.429  17.000   5.625
1969   8.071  15.214  23.714   6.857  14.214  22.643  20.429  31.071  28.286  17.929  29.143  30.714  29.214  49.643  54.286  53.357  51.786  65.500  57.857  61.286  65.357  66.071  69.929  59.286  68.286  71.786  73.286  81.857  75.214  74.429  73.643  77.857  76.786  74.071  72.500  67.214  70.286  63.714  63.857  57.500  47.000  44.286  41.786  38.429  51.500  32.143  37.071  36.929  26.571  29.571  23.500  15.750
1970   4.929   7.071  -2.214  30.714  25.857  32.071  26.500  30.571  35.357  31.786  23.857  32.643  31.286  48.214  47.500  41.429  61.643  55.500  65.071  64.929  68.214  66.286  73.357  73.714  70.286  81.643  75.857  77.286  75.571  81.571  74.786  74.357  80.000  72.929  81.571  77.500  55.143  66.786  58.143  64.000  40.643  50.143  49.214  35.929  42.857  33.786  31.357  36.714  33.714  17.214  13.500  16.562
1971  10.929  12.143  14.500  21.143  20.286  15.143  36.214  28.714  29.214  33.500  42.643  28.143  45.071  42.571  55.143  61.357  47.714  56.429  59.143  62.286  58.214  65.071  71.000  75.000  78.071  80.429  75.500  73.929  75.571  69.071  68.786  75.286  81.071  78.929  76.071  75.357  66.214  54.071  63.643  62.571  58.000  58.929  54.929  39.214  38.143  46.643  34.857  26.857  26.500  23.286  26.143  22.938
1972  19.286  22.143  20.071   4.357  13.286   4.143  28.286  27.571  27.125  38.214  45.357  43.071  34.786  47.714  52.357  50.571  47.643  52.071  52.500  70.714  70.857  66.429  74.357  70.500  65.929  74.000  67.714  78.500  77.643  74.643  70.500  72.571  83.786  69.500  67.786  66.714  71.714  67.929  52.500  60.071  53.929  40.286  46.714  40.143  42.143  29.357  34.643  31.571   2.071   7.134  32.071  30.250
1973  10.071  14.786  34.571  30.857  29.929  21.857  16.143  34.643  37.143  40.929  43.714  42.357  43.500  44.214  45.429  55.286  52.857  55.286  59.000  61.857  64.786  65.643  73.286  73.500  70.429  75.429  80.214  78.857  73.143  73.929  74.500  76.214  80.429  81.000  81.714  66.071  60.500  58.929  60.714  59.429  62.286  57.286  54.429  39.765  34.647  44.879  33.064  35.264  28.500  20.357  20.143  16.875
1974   2.357   4.643  35.000  33.714  27.357  23.429  37.500  29.714  48.357  44.571  38.500  27.429  47.143  44.000  49.143  55.929  59.714  57.643  57.000  61.643  63.429  66.286  66.357  64.429  76.500  75.714  81.929  83.357  85.643  78.500  67.643  67.857  74.286  75.643  61.500  64.500  63.143  62.786  60.071  50.857  59.786  56.286  57.286  48.143  45.571  35.214  39.929  26.000  27.571  34.000  22.929  24.125
1975  25.857  16.071  22.643  26.286  20.929   7.786  16.339  29.214  27.857  26.357  29.357  39.000  28.500  35.214  41.857  50.071  57.357  58.643  61.214  69.786  67.929  61.857  66.000  66.357  73.071  79.429  81.857  70.714  81.214  79.500  77.929  78.786  70.500  79.071  77.143  66.857  63.714  57.786  55.357  63.143  62.286  51.786  48.929  55.357  48.857  43.714  17.429  19.429  28.286  23.000  18.714  28.938
1976   8.929  16.643  24.143  26.000  27.571  26.857  38.071  39.571  31.375  28.714  36.429  50.571  48.429  49.929  60.643  55.286  49.071  52.500  59.214  63.714  60.929  66.071  75.500  74.714  69.071  69.286  73.429  83.500  76.714  78.500  74.214  75.000  76.071  80.214  74.643  73.714  69.214  63.500  58.000  56.143  60.357  36.429  36.000  43.571  35.214  31.929  34.643  14.286  18.571  28.357  27.857  21.688
1977   9.429   6.357   8.714  21.786  17.786  30.857  26.786  35.643  26.857  41.286  44.214  39.786  46.571  45.357  65.643  57.500  59.357  63.286  67.286  70.429  68.714  69.786  75.714  72.192  70.786  75.214  81.508  76.429  81.357  74.571  72.786  71.714  68.929  70.714  69.214  74.357  65.643  65.714  59.143  50.929  49.000  54.143  50.714  48.918  43.689  34.768  24.264  27.854  12.714  33.286  24.571  17.062
1978  12.500   4.857   0.071   9.714   2.643  11.429   9.214  19.714  11.429  26.643  32.857  39.714  55.141  51.786  48.357  40.214  52.714  50.857  57.571  62.500  71.143  63.143  68.071  76.857  70.929  81.143  77.929  73.571  76.571  75.500  69.000  77.214  74.857  77.857  72.429  80.714  72.786  62.643  65.500  55.571  55.429  54.714  48.929  55.286  47.286  29.929  20.786  21.500  10.857  28.286  25.429  13.250
1979  -0.714   3.786  14.143  10.357  -2.214   5.286   9.429  20.214  28.357  27.643  35.500  34.357  37.429  37.214  42.929  60.357  50.500  52.286  52.143  62.286  61.786  67.643  68.214  74.214  69.429  74.714  72.929  78.357  74.286  75.143  76.357  77.714  67.786  70.500  74.786  73.929  65.071  63.357  67.214  57.643  50.714  54.786  46.857  40.857  30.643  44.000  31.214  21.643  35.214  26.643  35.143  32.188
1980  21.357  22.857  31.571  20.500  11.143  19.000  17.714  32.571  25.625  26.643  40.571  39.643  38.929  48.929  43.714  66.286  54.286  62.000  51.143  55.286  72.071  68.571  72.643  72.786  71.714  78.786  79.929  86.000  77.357  75.929  77.357  77.714  73.929  77.000  69.571  77.456  69.071  63.786  62.786  61.857  59.714  51.000  39.429  46.000  49.571  34.214  36.643  30.857  24.500  31.214  23.571  27.000
1981  25.786  23.214  26.429  37.310  15.429  12.453  40.643  47.357  36.286  32.500  41.929  42.286  53.643  53.929  55.214  59.643  66.347  60.071  53.000  59.357  64.857  70.429  74.571  72.000  72.071  76.286  76.857  85.071  78.357  69.000  76.857  73.286  70.929  72.214  67.214  69.929  69.429  65.143  66.500  54.714  56.357  51.571  43.214  52.500  45.786  52.500  33.500  31.643  36.143  23.857  15.857  20.750
1982   8.357  -0.143  12.429  15.714  10.286   8.786  32.071  40.286  33.071  23.643  41.857  38.214  44.571  31.929  52.929  50.500  55.000  61.714  64.286  65.071  61.357  60.714  65.286  68.786  68.857  70.714  79.143  76.429  78.857  78.500  80.929  70.643  75.714  73.714  72.286  72.071  62.429  58.000  63.714  58.286  49.857  51.214  56.000  43.857  37.286  29.357  33.500  36.500  27.786  21.786  37.643  20.812
1983  27.786  29.214  21.857  19.500  18.500  21.714  35.714  38.286  49.071  35.143  36.786  32.500  39.286  37.214  38.857  45.071  54.071  55.286  57.071  53.500  64.357  61.643  63.857  67.443  75.929  74.000  75.786  79.000  83.429  76.000  79.643  78.429  82.357  80.214  79.643  76.786  62.000  54.214  70.357  58.143  48.500  49.714  54.357  46.429  36.000  28.286  24.000  17.357  15.786  13.429 -13.214   4.250
1984  34.786  14.357   2.214  30.071  34.571  26.857  34.769  32.214  28.625  19.429  26.143  31.214  36.786  42.000  44.357  45.643  50.500  47.857  54.429  64.357  60.786  63.643  69.357  70.344  72.143  71.857  70.571  75.500  75.143  71.571  77.571  77.000  76.786  69.143  72.643  63.571  61.143  66.000  45.571  62.214  64.571  46.000  51.643  41.714  40.000  38.509  35.571  31.714  30.786  29.929  21.000  22.500
1985  25.357  16.000  14.571  21.786   6.071   9.714  27.357  40.429  37.786  40.714  42.714  45.500  43.214  44.071  56.286  68.643  51.286  63.500  66.000  59.214  67.429  65.429  70.429  65.714  72.857  68.357  76.429  75.643  73.214  72.286  69.500  70.286  66.143  67.357  73.857  72.643  61.643  63.143  45.071  50.571  47.000  54.429  56.429  43.357  36.286  29.214  13.714   2.714  18.500  12.643  16.714  20.500
1986  20.643  36.143  40.714  25.786  31.429  15.786  20.857  24.571  38.714  35.143  35.071  40.429  57.857  51.000  44.714  46.286  59.571  60.714  65.857  57.286  58.929  67.286  68.643  70.714  76.429  77.429  75.857  75.500  77.786  77.929  69.714  68.143  73.571  70.000  64.000  61.714  60.143  64.571  66.214  55.571  44.500  55.643  55.786  45.214  30.714  23.000  35.929  38.286  27.929  25.000  32.286  34.312
1987  28.571  35.857  21.500  21.857  37.507  39.929  32.500  35.429  41.500  43.429  40.214  44.357  33.000  43.500  50.214  61.357  65.357  62.929  69.714  73.286  59.786  67.357  73.357  80.143  75.500  69.214  73.071  71.786  79.357  81.357  80.286  73.857  72.929  64.286  65.000  69.857  64.513  58.357  67.786  56.786  52.429  47.643  45.286  52.790  39.426  41.483  34.705  28.714  32.714  32.857  32.643  21.688
1988   6.286   9.608  23.540  14.036  12.207   7.643  27.357  31.214  36.125  43.786  27.071  49.500  48.071  57.714  48.571  47.643  48.286  59.643  64.071  66.000  66.714  73.000  73.286  74.643  87.357  75.571  77.929  76.714  72.929  75.500  81.071  79.571  82.857  72.643  68.500  62.357  68.714  66.071  63.214  47.071  54.929  51.643  45.286  44.357  40.357  38.286  38.714  32.500  33.143  25.214  35.429  20.938
1989  28.286  21.643  35.857  35.429  18.357  14.286  21.214  19.643  16.357  29.071  30.429  38.786  53.000  46.143  41.857  60.643  67.214  49.214  60.214  64.214  65.143  67.500  66.929  65.571  73.929  73.429  82.143  78.857  70.643  77.786  79.929  70.071  72.214  74.857  76.500  69.786  54.071  65.857  60.857  51.643  59.429  44.767  60.429  39.786  45.571  29.429  35.000  27.214  30.643   3.000  -7.357  30.812
1990  31.429  37.714  30.643  32.571  25.643  37.929  23.143  31.571  36.857  38.429  43.786  38.286  43.286  43.786  42.714  54.929  58.929  52.571  55.357  55.929  62.571  64.429  66.143  73.857  71.786  82.000  81.214  67.786  74.286  73.643  70.214  71.786  75.286  75.214  80.571  78.071  72.357  58.357  64.714  62.429  46.500  47.929  50.929  50.214  31.214  45.857  46.714  30.500  33.929  33.929   6.357   8.319
1991   8.286  19.286  25.714  19.500  26.429  39.500  32.143  32.286  33.214  40.357  33.214  48.786  44.786  63.071  44.286  48.643  55.000  46.214  64.929  64.357  71.786  73.643  69.714  72.500  72.571  82.643  74.214  73.786  83.286  70.571  73.929  70.071  72.643  80.214  79.071  74.857  70.714  53.000  58.143  52.643  59.786  53.429  49.429  17.643  23.571  38.714  32.214  23.500  27.429  32.714  30.071  32.500
1992  33.071  32.000  28.571  31.500  41.500  28.429  33.857  32.214  49.188  38.714  37.571  41.357  36.643  51.286  45.357  42.357  48.714  63.000  64.357  64.071  55.786  58.714  65.214  70.143  68.929  68.214  68.429  69.286  65.929  65.714  66.714  73.929  66.429  68.857  65.571  65.071  67.286  61.643  60.000  59.786  49.286  44.143  57.857  35.429  33.071  36.571  31.643  31.286  25.071  29.899  24.000  14.938
1993  12.857  11.214  16.929  26.429  29.286  29.571  10.143   7.929  21.071  32.857  22.643  33.786  44.571  39.000  42.143  50.000  55.786  55.286  61.714  57.500  61.143  55.929  64.143  70.929  68.071  70.143  73.071  70.357  71.000  72.071  72.071  72.786  73.929  74.357  66.000  61.071  60.000  57.500  56.429  61.714  47.643  51.143  52.000  37.500  33.214  34.214  29.286  23.571  32.500  32.214  23.357  19.512
1994  14.500  14.000   4.143  25.214   7.071   6.500  31.786  18.786  31.143  34.857  45.000  44.357  37.786  40.214  45.857  57.214  54.071  48.357  60.286  69.000  67.929  67.571  70.571  74.857  74.429  71.286  71.643  70.071  71.857  67.357  71.929  67.071  70.214  70.357  66.714  70.643  75.143  59.571  60.857  58.786  54.429  57.786  50.214  44.500  44.357  44.571  32.786  31.143  18.929  15.714  27.929  32.011
1995   9.000  25.357  23.500  23.357  31.500  24.071  23.714  43.143  22.643  21.500  52.929  45.286  35.643  47.857  40.929  43.643  47.000  50.214  54.643  57.643  55.714  61.071  63.214  70.929  77.357  65.929  69.643  83.357  73.214  76.571  72.571  80.786  78.143  76.071  77.357  65.857  66.071  50.571  61.143  54.786  59.857  52.571  44.571  30.929  36.643  33.929  36.286  33.071  26.286  24.500  25.000  27.375
1996  10.929  37.214  13.714   9.714  -4.429  37.286  31.000  42.357  19.250  22.000  43.357  28.500  32.143  41.071  46.571  51.286  51.286  49.357  52.714  68.929  55.286  60.357  64.571  74.000  70.357  79.857  72.270  66.857  75.786  67.643  70.000  74.000  68.714  72.286  72.643  71.929  60.676  57.786  54.143  57.929  57.143  52.786  49.286  39.214  35.929  25.429  20.000  22.786  25.500  27.286   6.643   3.688
1997  25.429   4.323  20.714   5.071  29.000  17.571  24.857  31.857  29.651  34.357  29.143  46.643  51.857  39.143  31.929  48.429  49.786  52.000  56.714  58.500  56.429  59.500  67.214  69.857  76.429  74.071  66.857  75.357  80.929  77.714  73.286  68.143  67.500  72.857  74.929  68.143  68.714  60.357  64.857  69.857  56.857  51.143  39.500  41.857  32.714  26.071  34.429  35.500  25.357  31.929  30.857  27.750
1998  29.857  13.071  22.786  29.214  30.571  35.000  36.000  42.071  27.571  10.857  24.357  37.214  49.214  42.429  53.643  48.714  53.214  59.571  61.714  71.714  62.071  68.929  55.500  66.643  71.929  75.143  75.429  77.071  79.143  71.214  69.429  71.929  76.143  76.143  73.786  72.714  74.571  65.786  68.357  49.571  56.500  53.714  57.143  43.857  32.500  37.286  42.286  51.000  37.643  39.643  16.571  20.750
1999   7.214  14.357  34.857  26.643  34.786  43.571  34.143  25.286  39.000  27.286  38.929  37.786  52.786  47.143  48.429  47.786  51.857  57.643  54.071  63.786  62.500  65.500  75.214  62.000  69.500  66.571  76.071  74.429  75.857  83.000  71.286  73.143  68.929  72.714  76.500  70.143  58.929  61.643  59.429  53.214  60.286  47.929  50.286  49.357  57.357  50.786  38.286  40.571  34.000  28.429  16.071  38.000
2000  27.429  32.071  27.214  19.500  26.357  30.571  26.429  44.857  45.250  44.500  36.500  44.214  47.357  44.134  48.571  50.929  56.786  65.429  60.926  60.000  64.071  65.571  70.857  66.929  70.929  68.357  78.071  78.714  67.214  73.143  74.500  78.857  76.143  71.714  74.357  71.643  66.714  62.286  59.143  52.857  51.500  57.571  58.786  53.143  28.669  19.429  20.571  27.643  28.429   5.101   5.500   9.500
2001  26.286  30.786  16.857  22.000  21.929  17.571  14.571  19.786  22.357  26.143  34.643  34.143  37.929  45.571  48.786  49.071  60.500  61.714  61.500  70.071  54.929  59.357  65.000  72.357  69.357  76.357  74.214  72.571  78.143  75.071  81.571  76.000  67.286  74.286  72.214  69.786  63.071  62.643  58.857  57.500  55.571  50.357  47.214  55.143  54.357  56.143  43.286  26.071  37.357  37.500  30.286  15.375
2002  23.500  39.500  25.643  35.714  18.286  32.286  40.143  37.857  15.571  25.000  33.000  27.500  40.929  42.286  59.462  55.929  51.429  55.429  51.000  53.286  59.929  71.643  72.071  67.429  78.643  80.214  79.857  74.429  83.286  78.286  79.429  75.214  66.357  72.429  74.286  75.857  65.071  62.429  58.214  53.857  54.081  46.286  34.500  30.571  42.261  37.857  35.857  31.786  24.286  38.357  29.429  30.500
2003  31.163  24.595  12.256   8.821  28.534  19.222  21.648  22.685  21.266  14.844  46.751  48.331  43.455  39.579  55.953  49.186  56.150  54.204  53.788  58.319 -99.000 -99.000 -99.000 -99.000 -99.000 -99.000 -99.000 -99.000 -99.000 -99.000 -99.000 -99.000 -99.000 -99.000 -99.000 -99.000 -99.000 -99.000 -99.000 -99.000 -99.000 -99.000 -99.000 -99.000 -99.000 -99.000 -99.000 -99.000 -99.000 -99.000 -99.000 -99.000
