1893	0	0	0	0	0	0	0	0	0	0	0	0	0.143433	0.411449	0.136656	0.257725	0.188837	0.181986	0.558756	0.79647	0.670538	0.823125	0.942108	1.317803	1.363589	1.174554	1.197858	1.407979	1.231072	1.310392	1.20675	1.205331	1.022479	1.08949	0.687951	1.103409	0.904319	0.776607	0.335198	0.409224	0.380054	0.319045	0.202856	0.12553	0.298038	0	0	0	0	0	0	0
1894	0	0	0	0	0	0	0	0	0.114517	0.068587	0.34328	0.000304	0	0.299388	0.204255	0.345263	0.745843	0.755949	0.798975	0.90778	0.749241	0.911202	0.886086	1.274984	1.386789	1.423179	1.274	1.436927	1.478044	1.636803	1.21762	1.604766	1.239179	1.051585	1.188352	1.088726	0.682866	0.733211	0.653078	0.346737	0.273605	0.554346	0.446709	0.100436	0.032155	0.0537	0	0	0.024584	0.017224	0.052914	0
1895	0	0	0	0	0	0	0	0.06583	0.023616	0	0	0.154616	0.450368	0.266813	0.508146	0.512406	0.900173	0.999195	0.713637	0.476456	0.709962	1.145938	0.960723	1.095772	1.024895	0.936949	1.276822	1.017408	1.217149	1.197016	1.101997	1.052354	1.016251	1.109854	0.885255	0.857261	1.169958	0.897057	0.406079	0.464513	0.267106	0.208243	0.123413	0.049106	0.035943	0.125338	0	0	0	0	0	0
1896	0	0.006279	0	0	0.034513	0	0	0	0	0	0	0	0.11506	0.083496	0.429904	0.347242	0.767161	0.746367	1.143599	0.539818	0.953821	0.767223	0.963373	1.016596	1.404938	1.180157	1.197858	1.364861	1.117276	1.035233	1.349525	1.29703	0.992058	0.927335	0.945243	0.759524	0.672055	0.409981	0.456823	0.409224	0.298263	0.172046	0.226464	0.019373	0	0	0	0	0	0.041804	0	0
1897	0	0	0	0	0	0	0	0	0	0	0	0	0.179493	0.112186	0.180513	0.306529	0.68039	0.582807	0.720893	0.846713	0.756705	0.526984	0.737784	1.294936	1.314635	1.118929	1.517117	1.134421	1.18122	1.29922	1.285936	1.075797	0.849173	0.885898	1.120196	1.491709	1.042392	0.579711	0.969564	0.905642	0.399397	0.226929	0.397146	0.208667	0.05928	0.041725	0.027151	0	0	0	0	0
1898	0	0	0	0	0	0	0	0	0	0.080992	0.089924	0.011463	0	0.053038	0.320147	0.45876	0.428676	0.363994	0.593244	0.688322	1.005459	0.841095	1.006247	0.970757	1.380981	1.202585	1.22876	1.220434	1.384491	1.360883	0.95535	1.065356	1.060811	1.249259	1.288358	0.763231	0.51863	0.858268	0.826285	0.423831	0.406487	0.093536	0.076476	0.185992	0.064683	0.060976	0	0	0	0	0	0
1899	0	0	0	0	0	0	0	0	0	0	0	0	0	0	0.377554	0.302706	0.745843	0.542217	0.745103	0.488455	0.744263	1.019887	0.899855	1.076539	1.283149	1.180157	1.046072	1.350553	1.27854	1.224456	1.150093	1.269913	1.195932	0.979096	1.275806	1.01826	0.813222	0.517009	0.420964	0.449633	0.456807	0.352321	0.398824	0.134588	0.210159	0.21743	0.161128	0.080542	0	0	0	0
1900	0	0.013018	0.009678	0	0	0	0	0	0	0	0	0.013218	0.038604	0.344028	0.180513	0.513754	0.731727	0.535525	0.932053	0.751805	0.943368	0.979824	1.104141	1.013866	1.220722	1.316204	1.39728	1.376346	0.994456	1.21895	1.536683	1.511064	1.182792	1.189437	1.170593	1.055644	0.872195	0.448158	0.443546	0.742726	0.473227	0.470453	0.378675	0.261637	0.082569	0	0	0	0	0	0.039778	0
1901	0	0	0.013239	0	0	0	0	0	0.020814	0	0.058319	0.01234	0.00128	0.144135	0.290137	0.261417	0.755309	0.968637	0.445082	0.977826	0.593834	0.985153	0.783343	1.123366	1.260381	1.461263	1.414697	1.847264	1.793517	1.713531	1.223025	1.178647	1.243526	1.197192	1.127718	0.918101	0.639432	0.428897	0.64075	0.387551	0.371339	0.374308	0.520666	0.242218	0.017224	0	0.013382	0.059525	0	0	0	0
1902	0	0	0	0	0	0	0	0	0	0.10173	0	0.201639	0.113614	0.100482	0.204255	0.414096	0.470972	0.722448	0.821259	0.954388	0.888768	0.929572	1.060376	1.05738	0.760627	0.808808	1.325322	1.128913	1.118191	1.243752	1.291444	0.987838	1.017389	0.910219	0.916335	0.676262	0.616408	0.581776	0.487463	0.394755	0.469584	0.431438	0.426046	0.25264	0.106194	0.042692	0.091011	0	0	0	0	0
1903	0	0	0	0	0	0	0	0	0	0.068587	0.027052	0	0.088144	0.233358	0.327729	0.457621	0.313661	0.333536	0.567913	0.949228	0.927169	0.747084	0.886746	0.904264	0.991501	1.225145	1.14216	1.134421	1.169848	1.28254	1.06491	0.889055	1.04572	1.143065	0.82141	0.885225	0.460214	0.60026	0.524452	0.449529	0.416273	0.386153	0.301688	0.324698	0.148565	0	0	0	0	0	0	0
1904	0	0	0	0	0	0	0	0	0.003696	0.076126	0.007054	0.105916	0.06116	0.171039	0.200749	0.163584	0.39534	0.698666	0.538289	0.586118	0.675405	0.84625	0.80123	0.989565	1.100697	0.969013	1.016247	1.20089	1.170194	1.110089	0.996786	0.8454	1.096844	0.849689	0.987823	0.888665	0.584347	0.678478	0.787144	0.549084	0.55995	0.410982	0.165885	0.376479	0.066886	0.144095	0.134	0	0	0	0	0
1905	0	0	0	0	0	0	0	0.082389	0.222633	0	0	0.20648	0.529078	0.236594	0.101548	0.104015	0.348853	0.484761	0.374696	0.616623	0.697383	0.882489	1.087708	1.068329	0.919275	0.969013	1.018971	1.093274	1.28978	0.907061	1.163523	1.313383	1.086512	1.130263	1.062818	0.610599	0.858523	0.752671	0.874234	0.787129	0.478162	0.103717	0.090888	0.061997	0.154287	0.190015	0.121364	0	0	0.020322	0	0
1906	0	0	0	0	0	0	0	0.128299	0	0	0	0	0.095072	0.212749	0.253555	0.551892	0.562471	0.506686	0.749972	1.014521	0.868136	0.719638	1.095918	1.153914	0.811898	1.171775	1.089775	1.237257	1.110038	1.185566	1.250318	1.120362	1.375063	1.173923	0.916469	1.059456	0.801988	0.616834	0.585986	0.53087	0.36786	0.417418	0.141086	0.12939	0.150467	0	0	0.008918	0	0	0	0
1907	0	0	0	0	0	0	0.082414	0	0	0	0.076928	0.54663	0.237488	0.194221	0.101548	0.053038	0.144597	0.190843	0.466943	0.506148	0.61281	0.707196	0.697767	1.263602	1.203676	1.113391	1.46133	1.128913	1.175704	1.191537	0.999372	1.245599	1.180145	0.964265	1.072758	0.711536	0.831259	0.798491	0.293125	0.591222	0.340315	0.39832	0.303647	0.240725	0.087193	0	0.087639	0.02836	0	0	0	0
1908	0	0	0	0	0	0	0	0	0	0	0.153269	0.180922	0.057857	0.221283	0.481045	0.704515	0.395483	0.270556	0.675368	1.040937	0.774207	0.800141	0.979417	0.794899	1.294586	1.058385	1.002763	1.410888	1.286948	1.465937	1.352327	1.044577	1.002188	0.835278	1.067786	1.162668	1.187042	1.174541	0.4678	0.546319	0.417147	0.424513	0.083606	0.126718	0.051911	0.020875	0.150969	0	0	0.011402	0	0
1909	0	0	0	0.026675	0	0	0	0	0.022669	0	0	0.114798	0.029675	0.116636	0.046783	0.209089	0.380693	0.378409	0.595543	0.836632	0.751716	0.905964	0.984665	0.957376	1.156172	1.296167	1.09527	1.189742	1.366102	1.075177	1.253035	1.442862	1.3859	1.259738	0.856729	0.724926	0.840707	0.692514	0.644854	0.832827	0.091232	0.219494	0.168565	0.478616	0.229634	0	0.022225	0.064528	0	0	0	0
1910	0	0	0	0	0	0	0	0	0.107243	0.1304	0.368506	0.597174	0.551509	0.459135	0.599194	0.15951	0.564679	0.331509	0.542826	0.685919	0.63672	0.75464	0.750381	1.262171	1.52169	1.437813	1.328168	1.115188	1.383213	1.363683	1.291444	1.107216	1.063361	1.064753	0.82141	0.738402	0.652679	0.796309	0.514043	0.669048	0.792763	0.495664	0.283106	0.081295	0.057166	0	0.039853	0	0	0	0	0
1911	0	0	0	0	0	0	0.009184	0	0	0.321496	0.046562	0.304748	0.04445	0.005366	0.346918	0.483987	0.553597	0.311116	0.883843	1.22417	0.92768	1.071146	1.296902	1.198652	1.512781	1.370922	1.625725	1.2037	1.039838	1.126255	1.133998	1.138831	1.337188	0.893172	0.866215	0.817986	1.090163	0.677647	0.579974	0.44222	0.527061	0.267394	0.074126	0	0.029382	0	0.007092	0	0.052728	0	0	0
1912	0	0	0	0	0	0	0.000644	0	0	0	0	0	0.131329	0.405576	0.466594	0.202072	0.460325	0.758374	0.64458	0.626092	1.027876	0.929572	0.648434	0.930737	0.927233	1.667078	1.680737	1.271014	1.007744	1.310392	1.049122	1.115092	1.12793	1.114957	1.077701	1.225053	0.620653	0.473465	0.20971	0.573557	0.415375	0.440239	0.322869	0.128088	0.266531	0.111935	0.070122	0.02836	0	0	0	0.024653
1913	0	0	0	0.030075	0	0	0.063962	0	0	0.103051	0.043159	0	0.034083	0.192542	0.194015	0.652252	0.424491	0.56695	0.545114	0.514712	0.761702	1.214196	0.811501	1.306338	1.320381	1.529033	1.481832	1.299289	1.222706	1.25757	1.399759	1.29703	1.632331	1.244027	1.236843	1.466728	0.801988	0.493167	0.38946	0.713881	0.591702	0.099875	0.151957	0.050149	0.127223	0.139044	0.189796	0.148145	0.041288	0.07857	0	0
1914	0	0	0.011784	0	0	0	0	0	0.013779	0.002263	0.223023	0	0.117985	0.041555	0.291983	0.600856	0.518874	0.495697	0.569934	0.808968	1.163049	1.082018	1.319928	1.165073	1.306046	1.107859	1.328168	1.702657	1.394606	1.674627	1.277703	1.264496	1.404956	1.122605	0.861469	0.709289	0.659114	0.802275	0.778965	0.805364	0.427892	0.608709	0.265976	0.444495	0.259127	0.002989	0.05052	0.106276	0	0	0	0
1915	0	0	0	0	0	0	0	0	0	0	0	0	0	0.224723	0.531325	0.968401	0.83429	0.511102	0.816292	0.562362	0.658557	0.704734	0.780811	0.938704	0.969986	1.202585	0.89365	1.35628	1.061316	1.112767	0.947635	1.078393	1.12015	0.89804	0.802714	0.955994	0.629163	0.658633	0.56598	0.458115	0.424304	0.475548	0.535042	0.389455	0.272458	0.012921	0.039853	0	0.020527	0	0	0
1916	0	0	0	0	0	0	0	0.094701	0	0.037597	0.122809	0.192011	0.263389	0.040823	0.389892	0.319976	0.350842	0.573725	0.725727	0.342718	0.930272	0.853977	0.796142	0.877922	0.863922	1.276196	1.455478	1.434006	1.457813	1.686845	1.47581	1.189283	1.185402	1.127721	0.940406	1.076512	0.601614	0.529008	0.447308	0.548243	0.500922	0.172046	0.129099	0.33117	0.127753	0	0.019596	0.097142	0.044097	0	0	0
1917	0	0	0	0	0	0	0	0	0	0	0	0.095235	0.215551	0.15356	0.223352	0.345758	0.206503	0.194417	0.491203	0.993532	0.526096	0.732092	0.871048	0.968092	1.153399	1.279028	1.225961	1.307789	1.363274	1.689846	1.244849	0.924263	1.198549	1.14565	0.826107	0.82488	0.856228	0.805107	0.559985	0.567676	0.247839	0.225412	0.055943	0.054396	0.260612	0.141573	0.097852	0.025799	0	0	0.01275	0
1918	0	0	0	0	0	0.100231	0	0	0.154474	0.054326	0.202286	0.430735	0.359194	0.091914	0.327729	0.272534	0.250643	0.955969	0.701624	1.004033	0.799385	0.921663	1.232059	1.601789	1.297469	1.225145	1.31387	1.15926	1.388927	1.350524	1.461662	1.199976	1.267474	1.181692	0.986559	0.707074	0.676351	0.487224	0.698657	0.640863	0.735763	0.646854	0.139749	0.154439	0.177006	0.15179	0	0.027085	0.110422	0.03635	0	0
1919	0	0.000961	0.086701	0.058153	0	0	0	0	0	0	0.171304	0.24109	0.227313	0.397757	0.212882	0.503649	0.437071	0.435132	0.583999	0.652274	0.964337	0.974502	0.918287	1.445203	1.509841	1.426119	1.325322	1.468855	1.346217	1.633542	1.450389	1.278027	1.246166	1.125144	0.950085	1.180071	1.051915	0.816119	0.567962	0.607006	0.286704	0.254784	0.052667	0.111577	0.007434	0	0.118961	0	0	0	0	0.007861
1920	0	0	0	0	0	0.023423	0	0	0	0	0.078201	0.24109	0.27742	0	0.133512	0.237641	0.210082	0.562432	0.663466	0.628447	0.906889	0.885074	1.176056	1.26074	0.948576	1.379595	1.214703	1.206472	1.403215	1.246497	1.20675	1.128259	1.063361	0.861722	0.816719	0.758701	1.018699	1.082684	0.524452	0.662994	0.721659	0.656462	0.222001	0.081295	0.060358	0	0.070122	0.041903	0.00504	0.030346	0	0
1921	0.032066	0	0	0	0	0	0.060625	0.002134	0.241261	0.11656	0.215002	0.254565	0.217213	0.493583	0.280434	0.467136	0.55803	0.439405	0.702162	0.759198	1.243047	1.076579	1.148288	1.52758	1.410033	1.663618	1.31387	1.536171	1.423279	1.39476	1.070197	1.054937	1.004706	1.107286	1.259966	0.934636	0.799727	0.787533	0.690339	0.421986	0.415375	0.625811	0.451926	0.243692	0.084874	0.003447	0	0.022462	0.028792	0.12314	0	0
1922	0	0	0	0	0	0	0	0	0	0.006935	0.310018	0.168437	0.054126	0.461163	0.281672	0.367002	0.498895	0.816591	0.916787	0.688322	1.019895	0.838538	1.311378	1.343657	1.44803	1.180157	1.158793	1.2037	1.320739	1.304803	1.307998	1.299771	1.421351	1.272844	1.221503	1.395708	0.777378	0.853805	0.806843	0.839188	0.313248	0.359279	0.488686	0.329704	0.208742	0.0761	0.022062	0.096021	0	0	0	0.019748
1923	0	0.05109	0.016255	0	0	0	0	0	0.070172	0.010826	0	0	0.060379	0.141016	0.325836	0.526611	0.527194	0.831307	0.538289	0.673832	0.847646	1.25898	0.968714	1.137257	1.545407	1.077562	1.501243	1.625238	1.643608	1.457328	1.250318	1.272641	1.182792	0.95932	0.96951	0.946515	0.633427	0.698928	0.824133	0.506013	0.528928	0.220853	0.121221	0.026464	0.174297	0.247041	0.093629	0	0.075109	0.017224	0.066807	0
1924	0	0	0	0	0.055351	0	0.011438	0	0.033432	0	0	0.017818	0.008368	0.401662	0.421829	0.291301	0.511769	0.727218	0.255646	0.542099	0.514608	0.729577	0.730219	1.26074	1.198202	0.995904	1.032502	1.137158	1.211636	1.221683	1.313526	1.010962	1.045434	1.212772	1.040543	0.813386	0.566025	0.620992	0.526402	0.55601	0.632432	0.683537	0.37035	0.34084	0.107401	0.0761	0.086511	0.006959	0	0	0	0
1925	0	0	0	0	0	0.005534	0	0.04162	0	0.123438	0	0.351323	0.387452	0.530654	0.681523	0.693077	0.598237	0.395048	0.558756	0.749356	0.914669	1.200281	1.240494	1.263602	1.306046	1.127227	1.464237	1.717602	1.284157	1.216218	1.158139	1.19732	1.288823	1.249259	1.426461	1.308536	0.826765	0.896363	0.811883	0.390091	0.165333	0.097325	0.031037	0.019373	0.070172	0.100055	0.067992	0.000969	0.010824	0	0	0
1926	0	0	0	0	0	0.024302	0	0.06353	0.048299	0	0.046562	0.313068	0	0.012095	0.374146	0.643239	0.483807	1.092123	0.752393	0.882292	1.366616	1.164237	1.299969	1.309222	1.032167	1.385397	1.514187	1.287947	1.847537	1.338374	1.377366	1.202634	1.209104	1.251859	1.290929	0.979867	0.819971	0.813895	0.310501	0.515545	0.568701	0.481233	0.241025	0.066439	0.087193	0.022559	0	0	0	0	0	0
1927	0.052403	0	0	0	0.060606	0	0	0.039543	0	0.120672	0.207046	0	0.1465	0.228149	0.310679	0.310362	0.645888	0.578262	0.577166	0.798952	0.938132	0.709694	1.038658	0.787181	1.251871	1.549801	1.285376	1.345191	1.222706	1.235486	1.080787	1.130918	0.964334	0.90537	1.100145	1.175088	1.310628	0.551197	0.372993	0.44222	0.395863	0.474041	0.688801	0.285992	0.097782	0	0.009088	0	0	0	0	0
1928	0	0.100807	0	0	0	0	0	0	0.000574	0.032342	0.015989	0.442804	0.088144	0.247316	0.159984	0.196855	0.346837	0.736779	0.871253	0.81648	0.922464	0.784922	0.923573	1.060134	1.005042	1.066583	1.540726	1.259727	1.377504	1.156075	1.332896	1.434529	1.3859	1.084412	1.030669	0.947245	0.90203	0.60026	0.445426	0.711814	0.562695	0.352321	0.19128	0	0.13356	0.149221	0.048539	0.024949	0	0.040877	0	0.029031
1929	0	0	0	0	0	0	0	0	0	0.037597	0.178943	0.163787	0.171821	0.545224	0.21116	0.391029	0.527194	0.370178	0.52249	0.64272	1.011927	0.955941	0.97672	1.215539	1.111721	1.185765	1.223125	1.324867	1.357583	1.488855	1.20675	1.269913	1.089074	1.301767	1.221503	0.6497	0.674202	0.602341	0.602093	0.507906	0.435063	0.60492	0.185538	0.047021	0.064683	0.066292	0	0	0	0	0	0.054651
1930	0	0	0	0	0	0.14832	0.050839	0.276139	0	0.11246	0.250767	0.081777	0.04326	0.686619	0.811427	0.319976	0.414084	1.004314	0.69924	0.445437	0.972221	0.787442	0.692795	0.912181	1.407139	1.24494	1.726148	1.604116	1.636939	1.60386	1.69164	1.335218	1.224973	1.041512	1.033153	0.939377	0.971674	0.85159	0.516614	0.687309	0.609089	0.028009	0.289396	0.122965	0.147744	0.194069	0.0289	0	0.018174	0	0	0
1931	0	0	0	0.099981	0.08261	0.025188	0.032504	0.076385	0.001142	0.000287	0.084684	0.150053	0	0.330867	0.753844	0.442137	0.288065	0.544441	0.366339	0.846713	0.909469	1.095242	1.046786	1.309222	1.685728	1.933277	1.169937	1.36771	1.643608	1.671519	1.557228	1.189283	1.3859	1.194618	1.01593	1.472362	1.2807	0.818312	0.634619	0.713881	0.476901	0.461523	0.444989	0.131984	0.246005	0.258525	0	0	0	0	0.054857	0.024653
1932	0	0	0	0	0	0	0	0	0.135039	0	0	0.000744	0.259901	0.477	0.356587	0.594199	0.420345	0.712961	0.74752	1.001387	0.922464	0.908564	1.223636	1.104027	1.251871	1.330552	1.089775	1.692216	1.707446	1.562719	1.195902	1.183944	1.12793	1.251859	1.120196	0.915758	0.795271	0.631401	0.530335	0.519373	0.308235	0.419177	0.162981	0.083641	0.047808	0	0.019596	0.093771	0	0	0	0
1933	0.053371	0.008185	0	0	0	0	0	0.104793	0.086095	0	0.174355	0	0.296988	0.167958	0.142969	0.554754	0.564679	0.353777	0.412773	0.996136	0.94597	1.136698	1.611996	1.363836	1.557316	1.635718	1.475962	1.442732	1.272928	1.274218	1.144722	1.245599	1.073645	0.969215	1.003672	1.408004	0.865353	0.918935	0.713949	0.577475	0.378318	0.343941	0.164383	0.32813	0	0.0761	0.168854	0.099408	0.017397	0	0.051955	0
1934	0	0	0.006386	0.028308	0	0	0.070768	0	0	0	0.135726	0.053863	0.010908	0.3573	0.368254	0.448352	0.542565	1.112995	1.111679	1.360082	0.995996	1.780827	1.184445	1.054665	1.360715	1.667078	1.27118	1.500977	1.890868	1.630315	1.481485	1.517862	1.377761	0.885898	1.001204	0.700409	0.770706	0.565415	0.413051	0.6731	0.697625	0.463296	0.39547	0.107841	0.208742	0.237079	0.05655	0	0	0	0	0
1935	0	0	0	0	0.008702	0	0.026828	0	0	0	0.231108	0.427543	0.079993	0.014899	0.138223	0.435942	0.566919	0.309591	0.767053	0.463093	0.596187	0.724586	0.732751	1.300614	0.921913	1.202585	1.622199	1.524448	1.728574	1.8002	1.63817	1.58624	1.525249	1.186866	0.649848	0.698169	0.999838	1.042962	0.732234	0.26496	0.427892	0.559912	0.226464	0.011283	0.08143	0	0.048539	0	0.006892	0	0	0
1936	0	0	0	0	0	0	0	0	0	0.150331	0.129923	0.185651	0	0	0.610839	0.39507	0.57359	0.826395	0.716065	1.046201	1.113966	1.098372	1.038658	1.378285	1.271774	1.787824	1.958657	1.978058	1.879393	1.838611	1.543597	1.671799	1.778356	1.562669	1.216387	1.162668	1.107863	0.982804	0.610197	0.559902	0.456807	0.403524	0.090888	0.126808	0.006766	0.171324	0.128636	0.014611	0	0	0.003841	0
1937	0	0	0	0	0	0	0	0	0	0.10977	0	0.014121	0	0.106299	0.413786	0.693077	0.204731	0.635542	0.816292	0.855933	1.043916	1.071146	0.770626	1.176256	1.506861	1.199792	1.741743	1.652635	1.403215	1.349619	1.600296	1.601723	1.624016	1.246625	1.469861	1.135425	0.810985	0.955322	0.52053	0.567676	0.311583	0.136946	0.313215	0.307679	0.265038	0	0	0	0	0	0	0.002787
1938	0	0	0	0	0	0	0	0	0.055019	0.010023	0.244168	0.375125	0.181112	0.020828	0.599955	0.636514	0.722326	0.82149	0.458171	0.705294	0.791795	1.025263	1.074042	1.173439	1.503924	1.242085	1.505321	1.586188	1.349076	1.32719	1.543597	1.451205	1.518885	1.325563	1.117668	1.25024	0.89971	0.623059	0.852352	0.942525	0.725687	0.512025	0.297689	0.353655	0.035943	0.060976	0	0	0.024584	0	0	0
1939	0.052403	0.013018	0	0	0	0	0	0	0	0	0	0.572786	0.08678	0.161519	0.200821	0.298893	0.810185	1.019705	0.706431	1.075441	1.307324	1.244915	1.268768	1.10955	1.314635	1.253433	1.475962	1.669348	1.420386	1.440223	1.430657	1.013559	1.286164	0.95932	1.298723	1.230082	1.365885	1.022055	0.449218	0.71799	0.359207	0.468674	0.269075	0.063093	0.158258	0.267227	0.078767	0.061565	0.18224	0.103674	0	0
1940	0	0	0	0	0	0	0	0	0	0.008654	0	0	0.174698	0.21444	0.295707	0.44008	0.338858	0.526609	0.878795	0.737066	0.754227	1.183607	1.003534	1.226786	1.32899	1.253433	1.274	1.442732	1.80677	1.695854	1.456003	1.189283	1.203824	1.069245	0.938006	1.225053	0.752935	1.237503	0.682014	0.640863	0.576355	0.535839	0.652867	0.269193	0.037857	0	0	0	0.038533	0	0	0.020439
1941	0	0	0	0	0	0	0	0	0	0.015941	0	0.056294	0.168334	0.270395	0.58046	0.374984	0.625364	0.850983	0.649299	1.153352	0.956467	1.186363	0.832127	0.825826	1.33189	1.342031	1.214703	1.167552	1.443405	1.747594	1.62888	1.579952	1.102018	1.117493	1.229168	0.991834	0.908934	0.932556	0.449218	0.498406	0.540239	0.493865	0.28781	0.086001	0	0.319142	0	0.139533	0.079361	0	0.133101	0
1942	0	0	0.063094	0.141098	0	0	0	0	0	0.093826	0.06316	0.246121	0	0.20092	0.421829	0.57878	0.827049	0.420265	0.692066	0.480928	0.909469	1.25898	1.31709	0.952028	0.948576	1.24494	1.203467	1.500977	1.437643	1.32719	1.313526	1.183944	1.167043	1.2538	1.257408	0.831819	0.988085	0.485265	0.242334	0.658024	0.646139	0.449079	0.063759	0.143781	0.083728	0.271591	0.076597	0	0	0	0	0
1943	0	0	0	0	0	0	0	0.120343	0	0	0	0.070056	0.525014	0.455113	0.318238	0.431813	0.673465	0.701083	0.419186	0.478675	0.739292	1.398263	0.75544	1.198652	1.604923	1.284735	1.34825	1.454316	1.394606	1.659091	1.436255	1.610858	1.104588	1.389486	1.20874	0.829494	0.700235	0.662851	0.811158	0.541041	0.605213	0.365815	0.273727	0.146416	0.000252	0.039793	0.03247	0.022462	0.074061	0	0	0
1944	0	0	0.073628	0.111744	0.00148	0	0	0	0	0	0	0	0	0.171198	0.305049	0.195131	0.313251	0.370178	0.752393	1.295893	1.122101	1.329616	0.700238	1.372493	1.229186	1.440719	1.414697	1.217655	1.200549	1.263114	1.332896	1.504218	1.180145	0.920001	0.861469	0.859603	0.722087	0.754856	0.620345	0.429325	0.328414	0.415685	0.479881	0.342428	0.211559	0.097711	0.042702	0	0	0	0	0
1945	0	0	0	0	0	0	0	0	0	0	0.329194	0.473644	0.464947	0.184267	0.427868	0.329654	0.379124	0.542217	0.383094	0.489901	0.878439	0.729577	0.55934	0.95472	1.158984	1.118929	1.254166	1.16201	1.443405	1.394206	1.427821	1.160039	1.235541	0.969215	1.262561	1.267919	0.63982	0.770074	0.367548	0.597127	0.39411	0.572963	0.29729	0.223113	0.100173	0.104762	0	0.007597	0	0	0	0
1946	0	0	0	0	0	0	0	0.100985	0.189363	0	0.309097	0.380688	0.683835	0.427208	0.368254	0.873619	0.648163	0.619379	0.427791	0.652274	0.789293	0.702274	1.322808	1.456922	1.125564	1.284735	1.385736	1.468855	1.408947	1.329974	1.453195	1.112478	1.217014	1.107286	0.823742	0.937022	0.842611	0.709607	0.612212	0.599089	0.228894	0.283319	0.424343	0.255617	0.032155	0	0.005822	0.005115	0.127919	0	0	0
1947	0	0.018285	0	0.087374	0	0	0.025897	0	0	0	0	0.139559	0.123882	0.110698	0.221587	0.333549	0.518446	0.612489	0.597845	0.788998	0.685162	0.597685	1.117735	0.838785	1.032167	1.267629	1.293902	1.387813	1.149592	1.471669	1.711334	1.666223	1.394087	1.479842	1.285787	1.380109	0.817731	0.914436	0.479776	0.72415	0.743828	0.776124	0.298865	0.251134	0	0	0	0.007597	0	0	0	0
1948	0	0	0	0	0	0	0	0	0	0	0.035437	0.32426	0.179493	0.36494	0.503954	0.760018	0.71063	0.637877	0.51353	1.064781	1.035908	0.950647	1.237694	1.022021	0.919275	1.247756	1.710228	1.339115	1.253349	1.315986	1.009806	1.104606	1.248843	1.481353	1.435936	0.965528	1.119034	1.017418	0.610197	0.475761	0.342036	0.291356	0.403915	0.389455	0.052959	0.124096	0	0	0	0	0	0
1949	0	0	0	0	0	0	0	0	0	0	0	0.117659	0.081333	0.204264	0.358516	0.331587	0.71063	0.918185	0.786661	0.910478	0.663269	1.063026	0.971369	1.184639	1.300313	1.423179	1.629288	1.195313	1.219946	1.400431	1.054355	1.459598	1.238214	1.153343	0.901971	0.765483	0.563958	0.635581	0.509155	0.687309	0.444108	0.353993	0.261353	0.243692	0.327183	0.125338	0.093279	0.187557	0	0	0	0
1950	0	0	0	0	0	0.021674	0	0	0	0	0	0.01594	0.112152	0.104828	0.023479	0.383002	0.233652	0.190843	0.488998	0.808968	0.82214	0.772276	1.076757	1.252243	1.13668	1.113391	1.117271	1.128913	1.061316	1.126255	1.190486	1.213354	1.065948	0.900494	0.935608	0.857261	0.607965	0.737529	0.626445	0.310367	0.519556	0.59926	0.345618	0.387799	0.046784	0.045689	0	0	0	0	0	0
1951	0	0	0	0	0	0	0	0.09719	0	0	0	0	0.088144	0.144135	0.086479	0.132868	0.454768	0.689281	0.551926	0.925943	0.83489	0.792524	0.742824	1.076539	1.007732	1.044738	1.065141	0.953354	1.50415	1.380626	1.316273	1.242921	0.954325	0.937157	1.033153	0.742906	0.685021	0.623059	0.322798	0.636854	0.497208	0.242329	0.127769	0.001063	0	0.02866	0	0.034539	0.027101	0	0	0
1952	0	0	0	0	0	0.025188	0.021391	0	0	0	0	0	0.095366	0.130227	0.095678	0.592004	0.71063	0.983908	0.445082	0.659443	0.909469	0.797612	1.263103	1.648229	1.263207	1.434867	1.362629	1.307789	1.507038	1.332799	1.244849	1.039387	1.193316	1.074307	1.018372	1.059456	1.079961	0.60026	0.800396	0.324132	0.427892	0.160617	0.358757	0.26616	0.097782	0.239919	0.011195	0	0.012939	0	0	0
1953	0	0	0	0	0	0.019102	0	0	0	0	0.162221	0.117659	0.189189	0.158321	0.131936	0.117739	0.397557	0.341613	0.635166	0.635592	0.886165	1.13943	0.894599	1.512803	1.44803	1.359349	1.240046	1.217655	1.391766	1.552166	1.408157	1.115092	1.081354	1.220561	1.57375	0.854953	0.876773	0.722456	0.684079	0.595139	0.601369	0.776124	0.217558	0.353655	0.045778	0.337388	0.010479	0.04763	0	0	0	0
1954	0	0	0	0	0.006022	0.057895	0.077703	0.071648	0	0.003482	0	0.063724	0	0.177717	0.591297	0.419477	0.602745	0.116288	0.464731	0.79647	0.8836	0.699781	1.003534	1.332144	1.268903	1.461222	1.493587	1.762902	1.480921	1.315986	1.209447	1.023851	1.159205	1.220561	1.239427	0.991834	0.833539	0.684031	0.811158	0.329315	0.527061	0.267394	0.334202	0.00373	0.322526	0.249906	0.109816	0	0	0	0	0
1955	0	0	0	0	0	0	0	0	0	0	0.076928	0	0.029675	0.342126	0.591297	0.767008	0.68039	1.068723	0.771954	1.019792	0.998666	1.03871	0.824361	0.8284	1.153399	1.250614	1.786611	1.600576	1.446268	1.65278	1.904337	1.286191	1.537924	1.664988	1.210312	0.994218	0.988085	1.001241	0.495204	0.632879	0.599422	0.333929	0.367026	0.051211	0.0966	0	0	0	0	0	0	0
1956	0	0	0	0	0	0	0	0	0	0	0	0.080445	0.119464	0.289245	0.275366	0.255665	0.206503	0.262883	0.909139	0.910478	1.124842	1.087463	1.291447	1.685767	1.633781	1.505349	1.311031	1.353396	1.18122	1.42599	1.450389	1.288889	1.235578	1.166201	1.198537	0.776826	0.905255	0.739706	0.909432	0.722076	0.661898	0.701071	0.419222	0.299897	0.142547	0.066292	0	0.026643	0	0	0	0.042215
1957	0	0	0	0	0	0.027912	0.023173	0	0.006735	0.011653	0.00233	0.066245	0.182713	0.03499	0.095678	0.632028	0.703606	0.694003	0.791589	0.480928	0.736826	1.04951	1.151082	1.090264	1.158984	1.239272	1.464237	1.533249	1.660035	1.43735	1.405369	1.409557	1.272776	1.137933	1.155437	0.78138	0.633427	0.610477	0.732234	0.701583	0.366135	0.330606	0.095797	0.190194	0.063588	0.083925	0.05052	0.031862	0.023764	0.021912	0.057792	0
1958	0	0.060026	0	0	0	0	0	0.045844	0	0	0	0.026778	0.218901	0.249089	0.387927	0.618613	0.21728	0.684567	0.949956	0.869554	1.038563	1.076579	1.243335	0.841367	0.999628	1.354258	1.211912	1.150942	1.126358	1.288108	1.413774	1.592522	1.350683	0.979096	1.247116	1.103409	0.867621	0.948486	0.618324	0.69798	0.603291	0.638563	0.238486	0.267686	0.208742	0.18598	0.087639	0	0	0	0	0
1959	0	0	0	0	0	0	0	0	0.067785	0	0.038701	0.226111	0.160464	0.512045	0.204255	0.297005	0.522816	0.98901	0.61646	0.729686	0.779229	0.942736	1.417819	1.48038	1.337652	1.196999	1.328168	1.249642	1.397408	1.497464	1.419397	1.250997	1.302286	1.554065	1.190915	1.227585	0.706769	0.688255	0.556006	0.373255	0.228894	0.419177	0.226464	0.190194	0	0	0.028029	0	0.022133	0.056093	0	0
1960	0	0	0	0	0	0	0	0	0	0	0	0	0.10783	0.180974	0.413786	0.677128	0.50976	0.51996	0.540572	0.798952	0.964337	1.03871	0.974063	0.97346	1.084149	1.20542	1.169937	1.413758	1.478044	1.486001	1.410985	1.189283	1.182792	1.194618	1.322092	1.255291	0.750736	0.698928	0.592011	0.608975	0.669808	0.268969	0.39547	0.142449	0.074622	0.164756	0.209924	0	0.003899	0	0	0
1961	0	0	0	0	0	0	0.032504	0	0.097514	0	0.051195	0.180922	0.131329	0.133702	0.173842	0.448352	0.422417	0.405512	0.811366	0.626092	0.76534	1.030645	1.204006	1.170662	1.084149	1.555752	1.423403	1.2037	1.292573	1.358046	1.441897	1.272641	1.232906	1.076823	1.432804	0.953631	0.661252	0.688255	0.447308	0.581372	0.471405	0.504733	0.314831	0.161185	0.061426	0.009293	0.05655	0.085999	0	0	0	0
1962	0	0	0	0	0.077336	0	0	0	0	0	0	0.015024	0.134338	0.180974	0.094232	0.592004	0.783828	0.765591	1.00672	1.131726	0.878439	0.724586	0.98474	1.184639	1.167353	1.353571	1.514187	1.302147	1.332058	1.043188	1.220322	1.288889	1.156607	1.233578	1.03809	0.662829	0.885945	0.579711	0.542142	0.511722	0.80508	0.427924	0.21903	0.157134	0.131031	0.100055	0.138456	0.222091	0	0	0	0
1963	0	0	0	0	0	0	0	0	0	0.012482	0.044282	0.295963	0.62426	0.547329	0.354632	0.475545	0.432869	0.712961	0.955089	0.737066	0.591451	1.161492	1.521288	1.054665	1.229186	1.635718	1.379951	1.254091	1.524518	1.474517	1.349525	1.38468	1.037782	1.309714	1.006107	1.020691	0.881356	0.864957	0.772506	0.856243	0.711626	0.671892	0.544058	0.205799	0.278434	0.091913	0.05052	0.0545	0.013658	0	0	0
1964	0.041034	0	0.007659	0	0.033583	0	0	0	0.010226	0	0.103362	0	0	0.133294	0.541927	0.522307	0.602745	0.701083	0.745103	1.175029	1.248613	0.744557	1.181634	1.195862	1.243333	1.561708	1.475962	1.36771	1.749071	1.506124	1.577376	1.091464	0.949311	0.832898	1.102665	0.972675	0.620653	0.652331	0.587984	0.49273	0.359207	0.40178	0.294123	0.358506	0.304109	0.090753	0	0	0	0	0	0
1965	0	0	0	0	0	0	0	0	0	0	0	0	0	0.235084	0.440032	0.526611	0.422417	1.05835	0.838678	0.928508	0.888768	0.955941	1.017038	1.117866	1.266074	1.304734	1.288203	1.347671	1.486721	1.29922	1.307998	1.29703	1.391344	1.069245	0.861469	0.738402	0.631279	0.303072	0.371185	0.614946	0.442286	0.5285	0.30523	0.36335	0.139982	0.04075	0.100156	0	0.060662	0	0.013458	0
1966	0	0	0	0	0	0	0	0	0.020814	0	0.359295	0.073913	0.300579	0.131748	0.214632	0.219712	0.56913	0.621701	0.395738	0.826543	1.100422	1.014518	0.878871	1.022021	1.424609	1.511262	1.6398	1.714452	1.408947	1.349619	1.305216	1.034203	1.08395	0.912679	1.216387	0.899297	0.829011	0.639767	0.575964	0.527023	0.584031	0.286532	0.398824	0.038884	0.000618	0.09306	0.113007	0	0	0	0.006757	0
1967	0	0	0	0	0	0	0	0	0.068985	0.039749	0	0.342258	0.466911	0.441112	0.442052	0.456686	0.399604	0.259092	0.561058	0.774067	1.298912	0.612067	1.187219	1.187423	1.032167	1.239272	1.109015	1.206472	1.426133	1.434518	1.36343	1.130918	1.180145	1.296525	0.852028	0.896965	0.833539	0.827162	0.622396	0.701583	0.362667	0.342256	0.210169	0.065315	0.111073	0.105958	0.046575	0	0.003899	0	0	0
1968	0	0	0	0.00988	0	0	0	0	0.002855	0.170856	0.247462	0.063724	0.488777	0.270395	0.506034	0.500936	0.385237	0.75356	0.577102	0.546699	0.615179	1.07388	1.622642	1.156721	1.489175	1.074834	1.30244	1.604116	1.475127	1.346825	1.371819	1.442862	1.235541	1.468565	0.923535	0.817986	0.904319	0.70745	0.667512	0.511722	0.614928	0.396604	0.240263	0.337647	0	0.017595	0.085402	0.024118	0	0	0	0
1969	0	0	0	0	0	0	0	0	0	0	0	0	0	0.37068	0.512346	0.496679	0.460325	0.920679	0.67297	0.801471	0.959076	0.995792	1.151082	0.759141	1.095175	1.2308	1.285376	1.675953	1.340542	1.293681	1.244849	1.38468	1.318338	1.192009	1.110161	0.906334	0.983385	0.752671	0.736459	0.538582	0.265498	0.199823	0.145151	0.082474	0.331833	0.000603	0.05655	0.053513	0	0	0	0
1970	0	0	0	0	0	0.000256	0	0	0.038602	0	0	0.005086	0	0.332729	0.322032	0.174588	0.77192	0.585067	0.921846	0.931111	1.065349	1.003835	1.28576	1.306338	1.172952	1.684036	1.38861	1.436927	1.35472	1.627029	1.288708	1.250997	1.476089	1.150789	1.48182	1.2578	0.516602	0.847135	0.57196	0.720033	0.131186	0.328959	0.298865	0.043938	0.156925	0.015224	0	0.050546	0.013658	0	0	0
1971	0	0	0	0	0	0	0.048715	0	0	0.014188	0.178943	0	0.246049	0.192542	0.537675	0.746049	0.342843	0.614805	0.716065	0.836632	0.704732	0.958572	1.192809	1.358058	1.486204	1.625049	1.374172	1.302147	1.35472	1.088564	1.062288	1.286191	1.525249	1.370782	1.236843	1.182547	0.851673	0.473465	0.730138	0.679174	0.536463	0.545088	0.431209	0.095565	0.075755	0.224402	0.027151	0	0	0	0	0
1972	0	0	0	0	0	0	0	0	0	0.087358	0.239255	0.193598	0.034083	0.319665	0.456335	0.415382	0.340863	0.478201	0.500108	1.145213	1.165772	1.009192	1.325649	1.179036	1.005042	1.319055	1.067855	1.486369	1.437643	1.302031	1.125989	1.183944	1.637827	1.028969	0.94768	0.88991	1.03053	0.882892	0.419107	0.608975	0.431487	0.120751	0.244526	0.111577	0.143851	0	0.024578	0	0	0	0.000229	0
1973	0	0	0.023471	0	0	0	0	0.027612	0.066607	0.138874	0.202286	0.177777	0.208885	0.231611	0.268069	0.554754	0.492425	0.578262	0.711244	0.821508	0.938132	0.979824	1.282938	1.297774	1.178558	1.376716	1.607867	1.500977	1.258942	1.274218	1.277703	1.321557	1.496101	1.490799	1.487752	0.868886	0.674202	0.610622	0.644854	0.591222	0.652052	0.502927	0.419222	0.104997	0.025814	0.190431	0.007678	0.031589	0	0	0	0
1974	0	0	0.028591	0.014267	0	0	0.068483	0	0.292477	0.215083	0.09525	0	0.296988	0.226434	0.366313	0.574418	0.708276	0.654143	0.64458	0.813986	0.888768	1.003835	1.014319	0.946723	1.421708	1.38828	1.690715	1.742116	1.814536	1.454488	1.020263	1.010962	1.224973	1.249259	0.740259	0.817986	0.755167	0.724622	0.626445	0.366138	0.584031	0.477634	0.488686	0.267686	0.208742	0.032273	0.100156	0	0	0.016472	0	0
1975	0	0	0	0	0	0	0	0	0	0	0	0.107723	0	0.042006	0.180513	0.401135	0.632179	0.68694	0.786661	1.110226	1.05464	0.841095	1.000861	1.019289	1.283149	1.540905	1.687386	1.175858	1.630219	1.494606	1.410985	1.420653	1.086512	1.376088	1.275445	0.894601	0.772918	0.577676	0.495204	0.695466	0.652052	0.367524	0.292553	0.429323	0.275442	0.168687	0	0	0	0	0	0
1976	0	0	0	0	0	0	0.077703	0.106063	0	0	0.058319	0.375125	0.329615	0.378381	0.706209	0.554754	0.38115	0.49131	0.718461	0.887405	0.799385	0.995792	1.371565	1.346518	1.125564	1.13278	1.291072	1.748126	1.400331	1.454488	1.266718	1.275334	1.291483	1.45559	1.185827	1.125547	0.948313	0.746182	0.567962	0.502206	0.599422	0.054202	0.046233	0.174863	0.033086	0	0.024578	0	0	0	0	0
1977	0	0	0	0	0	0	0	0.04162	0	0.146014	0.213392	0.123427	0.282719	0.259682	0.86754	0.623078	0.69663	0.843597	1.001527	1.134443	1.084195	1.136698	1.3802	1.245699	1.192577	1.368006	1.671067	1.402245	1.636939	1.29922	1.212183	1.152057	1.030142	1.071757	0.996305	1.147782	0.833539	0.813895	0.600085	0.367927	0.311583	0.424415	0.332565	0.284229	0.172465	0.026661	0	0	0	0.009365	0	0
1978	0	0	0	0	0	0	0	0	0	0	0.007139	0.121969	0.510802	0.429204	0.344975	0.146353	0.488112	0.44153	0.663466	0.8442	1.176756	0.887698	1.079473	1.433505	1.198202	1.660194	1.47305	1.287947	1.394606	1.335586	1.070197	1.3599	1.246166	1.330868	1.107673	1.411029	1.066236	0.720321	0.785375	0.487041	0.469584	0.438461	0.292553	0.427655	0.243052	0	0	0	0	0	0	0
1979	0	0	0	0	0	0	0	0	0	0	0.043159	0.026778	0.079993	0.077985	0.205988	0.713707	0.422417	0.484761	0.488998	0.836632	0.829792	1.05492	1.084949	1.326395	1.139482	1.347798	1.27118	1.480526	1.30384	1.321585	1.349525	1.37916	0.989547	1.064187	1.190915	1.132971	0.81546	0.741853	0.837122	0.542447	0.352307	0.440239	0.247569	0.124237	0	0.173971	0	0	0.030518	0	0.029224	0.000798
1980	0	0	0	0	0	0	0	0.003891	0	0	0.135665	0.120536	0.10928	0.351606	0.225095	0.909837	0.535974	0.799511	0.458171	0.597813	1.212549	1.090169	1.257442	1.269291	1.229186	1.514242	1.555569	1.844754	1.426133	1.352453	1.388552	1.37916	1.211764	1.299145	1.008544	1.256245	0.943655	0.754856	0.704947	0.658955	0.582096	0.348959	0.102043	0.223113	0.290449	0.020038	0.05052	0	0	0	0	0
1981	0	0	0	0.060578	0	0	0.12207	0.262028	0.052758	0.003482	0.163738	0.17622	0.468905	0.489526	0.539785	0.690808	0.931905	0.734369	0.515759	0.734593	0.940731	1.161492	1.33422	1.238095	1.243333	1.411552	1.429227	1.810715	1.466464	1.085899	1.369008	1.210691	1.102018	1.125144	0.928353	0.996637	0.955325	0.796309	0.815478	0.464513	0.493499	0.362425	0.17277	0.36335	0.21298	0.345054	0.011911	0	0.042224	0	0	0
1982	0	0	0	0	0	0	0.000263	0.119037	0.008956	0	0.162221	0.092504	0.234078	0	0.472796	0.413352	0.55803	0.789777	0.893957	0.936248	0.81454	0.800141	0.974063	1.112334	1.117262	1.188552	1.523022	1.402245	1.486721	1.454488	1.574072	1.112478	1.27812	1.179089	1.102665	1.069171	0.733098	0.583814	0.732234	0.559902	0.331808	0.353993	0.457132	0.180409	0.062513	0	0.011911	0.04763	0	0	0.061767	0
1983	0	0	0	0	0	0	0.04145	0.083612	0.308902	0.036538	0.064396	0.003687	0.116531	0.077985	0.11349	0.265094	0.529371	0.578262	0.646922	0.539818	0.922464	0.833394	0.92091	1.06067	1.398421	1.319055	1.385736	1.506837	1.728574	1.355248	1.478667	1.406805	1.580736	1.45559	1.366458	1.232615	0.719908	0.477391	0.933833	0.55601	0.299912	0.319045	0.417501	0.231893	0.043767	0	0	0	0	0	0	0
1984	0.025264	0	0	0	0.024538	0	0.028474	0.001109	0	0	0	0	0.068084	0.179344	0.241015	0.280018	0.422417	0.353777	0.561058	0.910478	0.794335	0.905964	1.12893	1.17293	1.246191	1.233609	1.178291	1.364861	1.337726	1.183309	1.396936	1.351674	1.318338	1.016459	1.115176	0.788206	0.693715	0.822735	0.24731	0.669048	0.715613	0.236143	0.353821	0.139812	0.106194	0.07957	0.036113	0	0	0	0	0
1985	0	0	0	0	0	0	0	0.121671	0.077437	0.134613	0.180471	0.249496	0.202265	0.228149	0.571864	0.990575	0.445502	0.850983	0.955089	0.729686	1.035908	0.971861	1.170522	0.994958	1.274606	1.096814	1.411812	1.370601	1.261721	1.21072	1.088725	1.099352	0.931825	0.954381	1.157949	1.088726	0.708971	0.735385	0.235718	0.359052	0.265498	0.431438	0.467607	0.170738	0.047808	0	0	0	0	0	0	0
1986	0	0.042482	0.111798	0	0	0	0	0	0.093661	0.036538	0.036513	0.136609	0.588687	0.407523	0.249955	0.297005	0.703606	0.755949	0.949956	0.664243	0.729405	1.041427	1.101411	1.187423	1.418808	1.458306	1.38861	1.364861	1.443405	1.431687	1.096676	1.021285	1.198549	1.046546	0.82141	0.729412	0.663421	0.778777	0.806843	0.487041	0.210284	0.461523	0.451926	0.207222	0	0	0.040806	0.073032	0	0	0.001363	0.019748
1987	0	0.038769	0	0	0.064995	0.106331	0.003191	0.03852	0.145991	0.190421	0.128482	0.222808	0.009194	0.21444	0.39583	0.746049	0.897695	0.831307	1.090484	1.243394	0.75922	1.044107	1.28576	1.609079	1.380981	1.129983	1.276822	1.217655	1.507038	1.617188	1.543597	1.232144	1.17493	0.849689	0.854377	0.994218	0.797906	0.594085	0.85455	0.519373	0.39411	0.272146	0.2146	0.369936	0.09655	0.128748	0.025317	0	0.004457	0.005573	0.003841	0
1988	0	0	0	0	0	0	0	0	0.050237	0.19806	0	0.347686	0.320458	0.600073	0.350757	0.333549	0.358882	0.720082	0.886351	0.970011	1.009249	1.261774	1.282938	1.343657	1.91281	1.382475	1.47305	1.413758	1.250575	1.335586	1.580667	1.451205	1.60126	1.140516	0.971927	0.749657	0.93205	0.824932	0.717504	0.274904	0.456807	0.364131	0.2146	0.190194	0.112292	0.0761	0.080965	0.002868	0.008135	0	0.032666	0
1989	0	0	0.039426	0.034629	0	0	0	0	0	0	0	0.10353	0.451165	0.279381	0.180513	0.722925	0.962091	0.392945	0.752393	0.905335	0.951215	1.04951	1.035964	0.989565	1.317527	1.296167	1.70053	1.500977	1.161959	1.42599	1.490027	1.091464	1.148747	1.220561	1.25226	0.991834	0.486201	0.818312	0.648963	0.385767	0.574453	0.209881	0.56767	0.10536	0.208742	0	0.0289	0	0	0	0	0
1990	0	0.064085	0	0.003498	0	0.073322	0	0	0.061908	0.091241	0.203877	0.093877	0.203927	0.221283	0.200821	0.543901	0.682723	0.493487	0.590913	0.619004	0.85786	0.93484	1.006247	1.312068	1.232037	1.700669	1.657079	1.063355	1.30384	1.263114	1.115303	1.154729	1.26214	1.233578	1.439057	1.278021	1.051915	0.594085	0.761888	0.675142	0.254234	0.278525	0.337458	0.312364	0	0.209115	0.220823	0	0.015887	0.015728	0	0
1991	0	0	0	0	0	0.099031	0.000644	0.001607	0.010513	0.127601	0.011144	0.32965	0.239209	0.764366	0.239245	0.361055	0.55803	0.307597	0.916787	0.910478	1.201532	1.287134	1.142744	1.25792	1.263207	1.729807	1.322437	1.296471	1.722596	1.145205	1.255792	1.091464	1.164442	1.45559	1.345514	1.165136	0.997465	0.444286	0.57196	0.411057	0.584031	0.406994	0.303647	0	0	0.082788	0.000987	0	0	0.004413	0	0.002787
1992	0.00744	0	0	0	0.130528	0	0.017083	0.001109	0.311612	0.096445	0.078201	0.15613	0.065493	0.415383	0.266232	0.196855	0.370987	0.833748	0.896472	0.900199	0.622364	0.729577	0.971369	1.165073	1.120053	1.0913	1.09527	1.120682	0.983875	0.964134	0.986382	1.234855	0.941818	1.006461	0.873327	0.836409	0.885945	0.690398	0.62442	0.60108	0.318302	0.196854	0.502842	0.036918	0.008116	0.050635	0	0	0	0	0	0
1993	0	0	0	0	0	0	0	0	0	0.006935	0	0.018781	0.234078	0.113658	0.187237	0.39912	0.582532	0.578262	0.80392	0.671441	0.806955	0.633763	0.931496	1.195862	1.086884	1.166181	1.276822	1.16201	1.175704	1.202463	1.185075	1.191973	1.211764	1.202381	0.887624	0.709289	0.659114	0.569496	0.524452	0.654922	0.280138	0.352321	0.362065	0.067552	0.009527	0.020038	0	0	0.002826	0.000945	0	0
1994	0	0	0	0	0	0	0	0	0	0.032342	0.231108	0.222808	0.08678	0.139451	0.279043	0.614155	0.529371	0.368104	0.754849	1.08078	1.05464	1.052195	1.176056	1.352286	1.337652	1.211055	1.220329	1.150942	1.208843	1.024622	1.179707	0.982711	1.076201	1.059135	0.91153	1.020691	1.145656	0.629299	0.648963	0.573557	0.444108	0.515679	0.321245	0.193013	0.185168	0.184627	0.005212	0	0	0	0	2.1e-05
1995	0	0	0	0	0	0	0	0.173863	0	0	0.424887	0.24445	0.048028	0.323389	0.159072	0.228638	0.32305	0.422369	0.567913	0.676259	0.619956	0.812885	0.897208	1.195862	1.456814	1.004033	1.14216	1.742116	1.261721	1.377779	1.204017	1.541249	1.369633	1.264948	1.283182	0.861913	0.847124	0.379661	0.657199	0.466396	0.58594	0.386273	0.199943	0	0.052959	0.0168	0.045607	0.007597	0	0	0	0
1996	0	0.057004	0	0	0	0.063311	0	0.158337	0	0	0.194436	0	0.000764	0.158321	0.29756	0.435942	0.445502	0.397124	0.506794	1.078129	0.605683	0.787442	0.947387	1.317803	1.175735	1.558709	1.245065	1.028183	1.363274	1.035233	1.107323	1.23753	1.022479	1.127721	1.115176	1.064328	0.679531	0.577676	0.462532	0.550196	0.513955	0.391443	0.300465	0.095565	0.042776	0	0	0	0	0	0	0
1997	0	0	0	0	0	0	0	0	0	0.025288	0	0.276821	0.420004	0.116636	0	0.355129	0.401682	0.476039	0.635166	0.705294	0.643959	0.757139	1.046786	1.153914	1.418808	1.321907	1.035198	1.359126	1.616674	1.423122	1.231218	1.021285	0.979445	1.148201	1.196007	0.937022	0.93205	0.652331	0.76615	0.892685	0.506491	0.352321	0.103292	0.142449	0.004832	0	0.022062	0.034539	0	0	0	0
1998	0	0	0	0	0	0.030683	0.045574	0.152768	0	0	0	0.073913	0.349888	0.189241	0.49352	0.363026	0.503229	0.717684	0.80392	1.183176	0.839959	1.103835	0.624084	1.030151	1.237702	1.365133	1.371304	1.428209	1.498335	1.169675	1.08609	1.160039	1.294182	1.267591	1.155437	1.091159	1.126269	0.816119	0.872025	0.334516	0.497208	0.413929	0.485155	0.180409	0.003064	0.060976	0.139705	0.300479	0.062686	0.091476	0	0
1999	0	0	0.02686	0	0.027192	0.172415	0.020517	0	0.098793	0	0.103362	0.084436	0.445294	0.304887	0.346918	0.337453	0.462438	0.654143	0.549632	0.889982	0.855313	0.974502	1.360044	0.857007	1.142247	1.028391	1.39728	1.322037	1.366102	1.689846	1.155468	1.205331	1.030142	1.143065	1.25226	1.003833	0.627048	0.690398	0.608183	0.425652	0.597504	0.278525	0.322869	0.293694	0.464281	0.3086	0.074425	0.10857	0.016638	0	0	0.066856
2000	0	0.000234	0	0	0	0	0	0.20877	0.223408	0.213531	0.059517	0.219517	0.302366	0.229673	0.350757	0.425649	0.614032	0.918185	0.776758	0.756744	0.91205	0.977143	1.187219	1.041039	1.198202	1.096814	1.478876	1.495122	1.031775	1.243752	1.277703	1.42341	1.294182	1.107286	1.175666	1.054589	0.867621	0.709607	0.600085	0.416514	0.371339	0.510187	0.52606	0.377987	0	0	0	0	0	0	0	0
2001	0	0	0	0	0	0	0	0	0	0	0.030137	0.023709	0.089532	0.265014	0.356587	0.372971	0.734064	0.789777	0.796523	1.120946	0.593834	0.752108	0.963373	1.252243	1.13668	1.414447	1.322437	1.248461	1.457813	1.318765	1.603502	1.313383	0.971901	1.199804	1.100145	0.991834	0.752935	0.720321	0.592011	0.538582	0.473227	0.333929	0.255202	0.4243	0.395232	0.425332	0.157304	0	0.058652	0.060058	0	0
2002	0	0.090742	0	0.038352	0	0.001519	0.113113	0.076385	0	0	0.008696	0	0.151139	0.185929	0.66919	0.574418	0.44973	0.582807	0.453799	0.532957	0.76422	1.208618	1.234856	1.060134	1.509841	1.614213	1.552582	1.322037	1.722596	1.445933	1.470179	1.283455	0.9393	1.132842	1.173147	1.200014	0.81546	0.713894	0.573947	0.44222	0.435316	0.242329	0.025347	0	0.145995	0.069523	0.039853	0	0	0.072275	0	0
2003	0	0	0	0	0	0	0	0	0	0	0.271639	0.318267	0.20784	0.125816	0.561856	0.376187	0.593956	0.544127	0.540636	0.69914	-99	-99	-99	-99	-99	-99	-99	-99	-99	-99	-99	-99	-99	-99	-99	-99	-99	-99	-99	-99	-99	-99	-99	-99	-99	-99	-99	-99	-99	-99	-99	-99
