1893 1 0.586827
1893 2 1.482856
1893 3 1.125663
1893 4 2.831625
1893 5 -0.160741
1893 6 -2.932633
1893 7 0.375042
1893 8 0.083653
1893 9 -1.017490
1893 10 -0.686341
1893 11 0.315726
1893 12 1.544633
1894 1 0.271032
1894 2 0.072944
1894 3 -1.195680
1894 4 2.041035
1894 5 -0.521270
1894 6 -2.905199
1894 7 -2.632108
1894 8 -2.032108
1894 9 -2.422371
1894 10 -0.291511
1894 11 -1.160124
1894 12 -0.179820
1895 1 -0.185446
1895 2 -0.485122
1895 3 -2.125695
1895 4 0.583837
1895 5 -1.564451
1895 6 1.577907
1895 7 -0.190456
1895 8 1.221357
1895 9 2.163197
1895 10 -0.777257
1895 11 0.232789
1895 12 -0.698428
1896 1 -0.301416
1896 2 -0.422748
1896 3 -0.265711
1896 4 3.479996
1896 5 3.247206
1896 6 4.395399
1896 7 4.082959
1896 8 0.432865
1896 9 0.366624
1896 10 2.412937
1896 11 3.649863
1896 12 0.216574
1897 1 2.476827
1897 2 0.522856
1897 3 2.405663
1897 4 3.032776
1897 5 -1.595246
1897 6 2.223618
1897 7 1.988993
1897 8 0.036678
1897 9 -1.676111
1897 10 0.196817
1897 11 0.119235
1897 12 2.256454
1898 1 0.809581
1898 2 0.674301
1898 3 0.302039
1898 4 0.049177
1898 5 4.262424
1898 6 2.562868
1898 7 2.263303
1898 8 1.515848
1898 9 -0.813958
1898 10 1.345305
1898 11 0.382770
1898 12 -0.096327
1899 1 0.591908
1899 2 1.168344
1899 3 0.738896
1899 4 -1.038926
1899 5 5.045478
1899 6 4.287833
1899 7 0.158849
1899 8 1.020989
1899 9 -1.529599
1899 10 -0.158618
1899 11 -0.554227
1899 12 0.487056
1900 1 -0.099011
1900 2 0.994609
1900 3 0.904573
1900 4 2.448996
1900 5 0.608884
1900 6 -1.575351
1900 7 5.940230
1900 8 0.928129
1900 9 2.306333
1900 10 0.701097
1900 11 -0.085511
1900 12 0.637681
1901 1 0.129172
1901 2 1.120778
1901 3 1.496006
1901 4 0.311365
1901 5 0.307925
1901 6 1.464216
1901 7 -1.522700
1901 8 -0.585922
1901 9 8.654976
1901 10 1.294423
1901 11 0.946782
1901 12 1.486574
1902 1 1.576827
1902 2 0.822856
1902 3 0.694741
1902 4 0.289741
1902 5 -0.230994
1902 6 0.352476
1902 7 2.034892
1902 8 3.038031
1902 9 3.409787
1902 10 -0.715495
1902 11 0.223843
1902 12 1.889159
1903 1 -0.023173
1903 2 1.182856
1903 3 -0.384337
1903 4 0.394041
1903 5 5.530027
1903 6 0.770524
1903 7 2.794479
1903 8 4.897435
1903 9 -0.209623
1903 10 1.558428
1903 11 0.439360
1903 12 0.123029
1904 1 0.452103
1904 2 0.662856
1904 3 -0.352107
1904 4 1.118453
1904 5 2.126226
1904 6 2.096051
1904 7 0.886937
1904 8 3.583265
1904 9 -0.389416
1904 10 3.022308
1904 11 -0.381125
1904 12 -0.090286
1905 1 1.549160
1905 2 1.002856
1905 3 0.376156
1905 4 0.937445
1905 5 6.727663
1905 6 1.871701
1905 7 2.230113
1905 8 1.590293
1905 9 2.160012
1905 10 1.424394
1905 11 3.473623
1905 12 -0.013426
1906 1 0.626827
1906 2 1.582856
1906 3 1.345663
1906 4 1.722505
1906 5 -1.570542
1906 6 -0.799905
1906 7 -0.634587
1906 8 8.020686
1906 9 5.794077
1906 10 4.102786
1906 11 0.229420
1906 12 0.546574
1907 1 0.926827
1907 2 0.882856
1907 3 -1.018437
1907 4 -0.409693
1907 5 1.505502
1907 6 2.489060
1907 7 5.432546
1907 8 0.590827
1907 9 0.022762
1907 10 -0.607760
1907 11 -0.732923
1907 12 0.541416
1908 1 -0.097657
1908 2 0.529069
1908 3 -0.052146
1908 4 0.324529
1908 5 1.927550
1908 6 3.303903
1908 7 2.565125
1908 8 2.224280
1908 9 -0.995881
1908 10 1.647777
1908 11 1.510836
1908 12 0.315163
1909 1 0.574562
1909 2 1.727858
1909 3 0.045663
1909 4 0.886238
1909 5 2.642467
1909 6 2.313150
1909 7 3.223444
1909 8 1.862016
1909 9 2.645057
1909 10 0.368426
1909 11 2.228335
1909 12 1.456574
1910 1 0.676827
1910 2 0.132856
1910 3 -2.083522
1910 4 -1.867199
1910 5 -1.340703
1910 6 -2.358671
1910 7 -0.470311
1910 8 2.340792
1910 9 1.491098
1910 10 -0.017322
1910 11 -0.637251
1910 12 -0.500987
1911 1 -0.404345
1911 2 -0.229174
1911 3 -2.332884
1911 4 -1.253492
1911 5 -1.625274
1911 6 -1.278633
1911 7 -0.233554
1911 8 1.559956
1911 9 -1.924824
1911 10 3.496624
1911 11 -0.083071
1911 12 0.524802
1912 1 0.029531
1912 2 0.198262
1912 3 0.528534
1912 4 0.543639
1912 5 -0.930955
1912 6 -1.804712
1912 7 0.562682
1912 8 1.726299
1912 9 2.078343
1912 10 0.436891
1912 11 -0.917757
1912 12 -0.251218
1913 1 -0.410130
1913 2 0.771409
1913 3 -0.113193
1913 4 3.708372
1913 5 6.646963
1913 6 -0.620601
1913 7 0.484690
1913 8 -1.411656
1913 9 -1.147170
1913 10 -1.223224
1913 11 -1.114197
1913 12 -0.638238
1914 1 -0.318064
1914 2 -0.326320
1914 3 -1.900189
1914 4 -0.185987
1914 5 -0.853485
1914 6 0.579019
1914 7 -1.500584
1914 8 -0.134171
1914 9 2.591221
1914 10 -1.300521
1914 11 -1.390830
1914 12 0.000745
1915 1 -0.222524
1915 2 2.856779
1915 3 -0.022102
1915 4 0.083026
1915 5 4.750649
1915 6 1.989024
1915 7 8.877721
1915 8 0.552961
1915 9 2.884859
1915 10 1.604464
1915 11 0.710734
1915 12 0.734177
1916 1 1.196827
1916 2 0.432856
1916 3 -0.115491
1916 4 1.991176
1916 5 2.139797
1916 6 2.500456
1916 7 1.710067
1916 8 0.653387
1916 9 1.821371
1916 10 -0.138706
1916 11 -0.011222
1916 12 0.296065
1917 1 1.268326
1917 2 0.537427
1917 3 1.367282
1917 4 2.654536
1917 5 2.110919
1917 6 1.474117
1917 7 0.135621
1917 8 1.013917
1917 9 -0.396562
1917 10 -0.767373
1917 11 -0.516327
1917 12 0.316686
1918 1 0.763239
1918 2 0.309825
1918 3 -1.490314
1918 4 -0.117908
1918 5 4.480873
1918 6 -0.142011
1918 7 -0.299876
1918 8 1.957394
1918 9 -0.469350
1918 10 0.813496
1918 11 1.389813
1918 12 0.801528
1919 1 0.029864
1919 2 2.388300
1919 3 0.118065
1919 4 1.651522
1919 5 0.998982
1919 6 1.279275
1919 7 0.477355
1919 8 -0.436297
1919 9 -0.188296
1919 10 0.889348
1919 11 2.190513
1919 12 -0.031086
1920 1 -0.176177
1920 2 0.206977
1920 3 0.774628
1920 4 6.402259
1920 5 3.584921
1920 6 1.766004
1920 7 0.187487
1920 8 -0.021794
1920 9 -0.727357
1920 10 1.119993
1920 11 0.307120
1920 12 0.675022
1921 1 -0.047220
1921 2 0.035468
1921 3 -1.713949
1921 4 -1.272423
1921 5 1.029595
1921 6 -2.654025
1921 7 2.673443
1921 8 0.059662
1921 9 0.078991
1921 10 -0.098720
1921 11 -0.365108
1921 12 -0.321889
1922 1 0.646975
1922 2 0.294727
1922 3 -1.442490
1922 4 0.404131
1922 5 -0.649698
1922 6 -0.907766
1922 7 1.283238
1922 8 -1.557107
1922 9 -2.422673
1922 10 -1.267381
1922 11 1.213402
1922 12 -0.704559
1923 1 -0.008737
1923 2 -0.739388
1923 3 -0.668327
1923 4 0.914712
1923 5 0.987196
1923 6 0.943717
1923 7 0.567921
1923 8 7.904991
1923 9 4.468777
1923 10 0.224170
1923 11 0.032867
1923 12 0.666972
1924 1 0.286827
1924 2 1.332856
1924 3 1.415663
1924 4 -0.268067
1924 5 -0.164149
1924 6 3.625563
1924 7 0.937346
1924 8 1.620996
1924 9 0.823605
1924 10 -0.884336
1924 11 -0.707623
1924 12 1.722897
1925 1 0.758500
1925 2 0.267042
1925 3 -1.080184
1925 4 0.217080
1925 5 -1.895164
1925 6 0.972117
1925 7 -1.420615
1925 8 -2.193169
1925 9 -0.176216
1925 10 -0.312103
1925 11 -0.691118
1925 12 -0.224200
1926 1 0.170801
1926 2 -0.787751
1926 3 -1.903072
1926 4 -2.314051
1926 5 -2.748774
1926 6 -3.876975
1926 7 -2.493641
1926 8 0.968969
1926 9 2.078718
1926 10 -0.868084
1926 11 0.936313
1926 12 -0.296645
1927 1 -0.551953
1927 2 1.215684
1927 3 1.512248
1927 4 3.998156
1927 5 2.659971
1927 6 -0.510716
1927 7 1.474765
1927 8 2.316972
1927 9 0.565034
1927 10 -1.043050
1927 11 0.054457
1927 12 -0.025657
1928 1 -0.415621
1928 2 1.659323
1928 3 0.793421
1928 4 -1.142487
1928 5 1.735272
1928 6 -0.429490
1928 7 1.395270
1928 8 -0.565063
1928 9 -0.695316
1928 10 2.202924
1928 11 0.817851
1928 12 -0.301981
1929 1 0.401713
1929 2 0.836390
1929 3 -0.953146
1929 4 2.121449
1929 5 2.893661
1929 6 2.088912
1929 7 1.233256
1929 8 0.372363
1929 9 1.300618
1929 10 1.565759
1929 11 0.449110
1929 12 0.057704
1930 1 0.558096
1930 2 -0.327688
1930 3 -0.816378
1930 4 0.137669
1930 5 2.271873
1930 6 0.690110
1930 7 -2.004097
1930 8 0.727367
1930 9 0.392912
1930 10 1.701228
1930 11 1.424333
1930 12 -0.090168
1931 1 -0.005936
1931 2 0.025632
1931 3 -0.138963
1931 4 0.112859
1931 5 -0.819757
1931 6 -2.874924
1931 7 -1.865639
1931 8 -2.632716
1931 9 -1.888540
1931 10 -1.089720
1931 11 1.759190
1931 12 0.041851
1932 1 1.240213
1932 2 0.465500
1932 3 -0.624475
1932 4 -1.278466
1932 5 2.857191
1932 6 0.214560
1932 7 -0.436263
1932 8 0.501222
1932 9 -0.594957
1932 10 -0.362206
1932 11 -0.664507
1932 12 -0.316180
1933 1 -0.492820
1933 2 0.085862
1933 3 0.715592
1933 4 -0.872006
1933 5 -0.592800
1933 6 -3.622865
1933 7 3.506927
1933 8 0.201527
1933 9 -1.146349
1933 10 -1.785661
1933 11 -1.139904
1933 12 0.073323
1934 1 -0.315469
1934 2 -0.494150
1934 3 0.100698
1934 4 -1.900301
1934 5 -4.829313
1934 6 0.473953
1934 7 -1.438607
1934 8 -2.864351
1934 9 1.618402
1934 10 -1.602342
1934 11 -0.149463
1934 12 -0.214232
1935 1 0.230611
1935 2 0.195890
1935 3 -1.763398
1935 4 2.640386
1935 5 0.325728
1935 6 0.162110
1935 7 -0.953933
1935 8 1.477158
1935 9 -1.433455
1935 10 -1.254575
1935 11 -0.016587
1935 12 0.125312
1936 1 2.286179
1936 2 1.952257
1936 3 -0.157575
1936 4 -0.368827
1936 5 -0.303935
1936 6 -2.560818
1936 7 -3.992166
1936 8 -3.902773
1936 9 1.752904
1936 10 -1.300646
1936 11 -0.980173
1936 12 0.498270
1937 1 0.995017
1937 2 -0.220712
1937 3 -0.208484
1937 4 0.358557
1937 5 -1.226915
1937 6 -1.407552
1937 7 -1.863954
1937 8 1.139004
1937 9 -1.771019
1937 10 1.838679
1937 11 -0.450911
1937 12 -0.409595
1938 1 0.497737
1938 2 1.218294
1938 3 -0.872455
1938 4 -0.494368
1938 5 0.873354
1938 6 -2.260208
1938 7 2.573381
1938 8 -1.852624
1938 9 4.544921
1938 10 -1.447926
1938 11 1.491999
1938 12 -0.338336
1939 1 0.823677
1939 2 1.631335
1939 3 0.976787
1939 4 0.171488
1939 5 -1.107451
1939 6 1.637225
1939 7 -0.588300
1939 8 0.544037
1939 9 -2.635385
1939 10 -1.503132
1939 11 -1.401695
1939 12 -0.491253
1940 1 -0.173396
1940 2 0.081838
1940 3 0.948235
1940 4 1.709953
1940 5 -2.614430
1940 6 -0.350796
1940 7 -0.217169
1940 8 -0.829946
1940 9 -2.808168
1940 10 -0.013981
1940 11 1.188663
1940 12 0.582560
1941 1 1.485205
1941 2 2.035315
1941 3 -0.263431
1941 4 3.386631
1941 5 -1.881578
1941 6 1.476553
1941 7 -0.904577
1941 8 -1.925125
1941 9 1.254599
1941 10 0.185833
1941 11 -0.702336
1941 12 0.011230
1942 1 -0.076561
1942 2 1.091903
1942 3 0.696168
1942 4 -1.684779
1942 5 1.156664
1942 6 2.236579
1942 7 0.856859
1942 8 -0.494595
1942 9 1.674793
1942 10 -0.685556
1942 11 -0.381890
1942 12 -0.385936
1943 1 0.367019
1943 2 0.045276
1943 3 0.407566
1943 4 -0.750597
1943 5 -0.895966
1943 6 0.068281
1943 7 -0.357395
1943 8 -1.992870
1943 9 -2.364047
1943 10 -0.004913
1943 11 -0.359840
1943 12 -0.955302
1944 1 0.906297
1944 2 0.944880
1944 3 -0.656939
1944 4 1.609001
1944 5 3.050968
1944 6 0.723704
1944 7 4.289847
1944 8 7.452924
1944 9 0.276538
1944 10 -0.293993
1944 11 0.867070
1944 12 0.269786
1945 1 0.870607
1945 2 0.989656
1945 3 -0.156579
1945 4 0.831709
1945 5 1.808100
1945 6 0.632202
1945 7 -0.236194
1945 8 1.606586
1945 9 -0.872717
1945 10 -1.658735
1945 11 -0.441234
1945 12 0.933671
1946 1 -0.289740
1946 2 -0.076288
1946 3 -0.384419
1946 4 -2.143209
1946 5 0.327662
1946 6 -2.343960
1946 7 -2.577475
1946 8 -1.259603
1946 9 1.529331
1946 10 1.687245
1946 11 1.733992
1946 12 -0.087757
1947 1 0.871726
1947 2 -0.117629
1947 3 -0.605010
1947 4 0.630768
1947 5 0.937904
1947 6 1.620908
1947 7 0.105369
1947 8 -0.957149
1947 9 -1.192510
1947 10 0.699714
1947 11 1.159138
1947 12 0.188663
1948 1 -0.338695
1948 2 1.377998
1948 3 -0.799497
1948 4 -0.762235
1948 5 -2.409631
1948 6 1.546490
1948 7 0.461797
1948 8 0.387320
1948 9 -2.007769
1948 10 -0.041848
1948 11 1.641892
1948 12 0.496708
1949 1 1.939989
1949 2 -0.244188
1949 3 3.019611
1949 4 -0.333105
1949 5 1.016753
1949 6 -1.390929
1949 7 1.867614
1949 8 -1.166913
1949 9 4.200538
1949 10 0.037653
1949 11 -0.949740
1949 12 -0.180023
1950 1 0.085291
1950 2 0.850878
1950 3 0.308889
1950 4 0.006147
1950 5 2.329494
1950 6 2.944634
1950 7 2.040656
1950 8 0.919790
1950 9 -0.385147
1950 10 -0.198238
1950 11 0.048629
1950 12 -0.487501
1951 1 -0.402956
1951 2 0.791865
1951 3 1.740398
1951 4 4.305460
1951 5 1.248943
1951 6 3.785294
1951 7 1.468849
1951 8 6.269956
1951 9 3.285189
1951 10 2.093770
1951 11 0.484920
1951 12 0.606574
1952 1 0.976827
1952 2 0.912856
1952 3 1.315663
1952 4 0.008020
1952 5 2.143014
1952 6 -2.705102
1952 7 -0.155342
1952 8 1.354976
1952 9 -1.970358
1952 10 -1.582336
1952 11 -0.317089
1952 12 0.039006
1953 1 -0.146179
1953 2 1.289916
1953 3 -0.855806
1953 4 3.036526
1953 5 2.738448
1953 6 -0.650340
1953 7 1.971187
1953 8 1.186538
1953 9 -0.767691
1953 10 -1.405571
1953 11 0.182158
1953 12 0.860690
1954 1 -0.443426
1954 2 1.026740
1954 3 0.152743
1954 4 0.355354
1954 5 1.048689
1954 6 1.897448
1954 7 0.020751
1954 8 1.760619
1954 9 -0.363087
1954 10 0.842124
1954 11 -0.858532
1954 12 -0.279238
1955 1 -0.241738
1955 2 0.514686
1955 3 -1.067190
1955 4 -1.142906
1955 5 -2.914776
1955 6 0.882962
1955 7 -2.852666
1955 8 -4.145405
1955 9 -2.398073
1955 10 -1.963882
1955 11 -1.156932
1955 12 -0.069148
1956 1 -0.466893
1956 2 -0.750506
1956 3 -2.425724
1956 4 -0.668639
1956 5 -2.001638
1956 6 -4.689955
1956 7 0.217112
1956 8 -1.927851
1956 9 -2.582184
1956 10 -2.088088
1956 11 -0.739156
1956 12 -0.884368
1957 1 -0.661029
1957 2 -0.859009
1957 3 -0.548131
1957 4 -0.955453
1957 5 1.359537
1957 6 -0.266115
1957 7 -0.399613
1957 8 -0.978588
1957 9 0.386237
1957 10 0.276438
1957 11 0.779601
1957 12 -0.759019
1958 1 -0.377334
1958 2 0.878152
1958 3 -0.605690
1958 4 1.937877
1958 5 -2.049299
1958 6 -2.353143
1958 7 2.372619
1958 8 -2.359814
1958 9 -2.394592
1958 10 -2.344575
1958 11 -0.822062
1958 12 -0.971293
1959 1 -0.544430
1959 2 -0.192173
1959 3 -0.140757
1959 4 -1.013396
1959 5 3.236370
1959 6 -1.558150
1959 7 -1.079663
1959 8 0.008640
1959 9 -1.281672
1959 10 1.395920
1959 11 2.861557
1959 12 0.700732
1960 1 0.552394
1960 2 0.188694
1960 3 1.380547
1960 4 1.211104
1960 5 4.853187
1960 6 0.510613
1960 7 -0.050368
1960 8 5.139365
1960 9 -0.351965
1960 10 -0.186127
1960 11 0.317016
1960 12 0.037146
1961 1 0.043329
1961 2 0.356669
1961 3 0.125224
1961 4 -0.246809
1961 5 0.766136
1961 6 -1.889634
1961 7 1.042910
1961 8 -1.291504
1961 9 0.000571
1961 10 -0.872420
1961 11 -0.336182
1961 12 0.016736
1962 1 -0.552315
1962 2 1.091732
1962 3 1.217406
1962 4 -0.106755
1962 5 2.850503
1962 6 4.852034
1962 7 2.704437
1962 8 0.814947
1962 9 2.725855
1962 10 -0.504866
1962 11 -0.837280
1962 12 0.055656
1963 1 0.283923
1963 2 -0.094620
1963 3 -0.767557
1963 4 -0.315666
1963 5 -0.946685
1963 6 3.797454
1963 7 4.459361
1963 8 1.626539
1963 9 -0.238724
1963 10 -1.366028
1963 11 -1.008548
1963 12 -0.537210
1964 1 -0.043365
1964 2 -0.332928
1964 3 0.138608
1964 4 1.095789
1964 5 -0.920650
1964 6 -0.486565
1964 7 1.007691
1964 8 4.234607
1964 9 1.380509
1964 10 -0.837203
1964 11 -0.256017
1964 12 0.183012
1965 1 -0.341496
1965 2 0.827322
1965 3 -0.668058
1965 4 0.121503
1965 5 1.806533
1965 6 0.479177
1965 7 0.157456
1965 8 0.424016
1965 9 5.004242
1965 10 -0.496103
1965 11 -0.413586
1965 12 0.093473
1966 1 0.037284
1966 2 0.713844
1966 3 -0.330979
1966 4 -0.076264
1966 5 -2.053626
1966 6 1.217357
1966 7 -0.037156
1966 8 2.487213
1966 9 -0.048623
1966 10 0.157205
1966 11 -0.714403
1966 12 -0.032890
1967 1 0.019368
1967 2 -0.630126
1967 3 -2.377286
1967 4 -1.295675
1967 5 0.012594
1967 6 6.430116
1967 7 -0.396632
1967 8 0.900148
1967 9 -1.789874
1967 10 -0.613430
1967 11 -0.929337
1967 12 -0.446820
1968 1 -0.054649
1968 2 -0.757574
1968 3 -2.329206
1968 4 0.377443
1968 5 -2.509502
1968 6 -3.426671
1968 7 -3.005506
1968 8 0.125661
1968 9 -0.401941
1968 10 4.580209
1968 11 -0.038523
1968 12 1.653128
1969 1 1.036773
1969 2 0.973839
1969 3 0.365225
1969 4 -1.222641
1969 5 -0.734577
1969 6 2.482812
1969 7 2.646782
1969 8 0.320760
1969 9 0.250650
1969 10 2.170694
1969 11 -0.408577
1969 12 0.455911
1970 1 -0.189963
1970 2 -0.297061
1970 3 0.454101
1970 4 0.773726
1970 5 1.078493
1970 6 -0.194123
1970 7 -1.782972
1970 8 -1.651400
1970 9 -0.054496
1970 10 1.440653
1970 11 1.229626
1970 12 0.286806
1971 1 -0.167209
1971 2 1.948462
1971 3 -0.363866
1971 4 -0.694824
1971 5 -1.140025
1971 6 4.043610
1971 7 0.579006
1971 8 -1.944651
1971 9 -1.543313
1971 10 1.225761
1971 11 0.933660
1971 12 0.208919
1972 1 -0.253074
1972 2 0.086978
1972 3 -1.371814
1972 4 -0.005009
1972 5 4.185859
1972 6 1.077519
1972 7 2.931147
1972 8 0.119881
1972 9 -0.559904
1972 10 0.393799
1972 11 0.407339
1972 12 0.780772
1973 1 0.686453
1973 2 0.271814
1973 3 3.780188
1973 4 0.743624
1973 5 1.623817
1973 6 -1.147363
1973 7 0.399856
1973 8 -2.876565
1973 9 3.338613
1973 10 -0.797840
1973 11 0.617195
1973 12 0.153351
1974 1 -0.332247
1974 2 -0.497754
1974 3 -1.200842
1974 4 -1.126570
1974 5 -1.654293
1974 6 -1.249195
1974 7 -3.113040
1974 8 0.059591
1974 9 -1.019625
1974 10 -1.475593
1974 11 -1.174659
1974 12 -0.771512
1975 1 0.231803
1975 2 -0.840820
1975 3 -0.931905
1975 4 -0.072070
1975 5 -2.254623
1975 6 -0.049327
1975 7 -3.193869
1975 8 -0.401259
1975 9 -1.700880
1975 10 -2.086924
1975 11 1.934710
1975 12 -0.793755
1976 1 -0.349644
1976 2 -0.655654
1976 3 -0.654633
1976 4 -0.661996
1976 5 -2.154501
1976 6 -3.583522
1976 7 -1.798754
1976 8 -2.135773
1976 9 -1.840913
1976 10 -1.454969
1976 11 -1.174004
1976 12 -0.999859
1977 1 -0.788016
1977 2 -0.592289
1977 3 0.014028
1977 4 0.517685
1977 5 -1.020231
1977 6 -2.933948
1977 7 -1.781007
1977 8 -0.534346
1977 9 0.356548
1977 10 0.211396
1977 11 0.093556
1977 12 0.176298
1978 1 -0.512899
1978 2 0.501252
1978 3 -1.713981
1978 4 0.977623
1978 5 0.000711
1978 6 -3.433454
1978 7 4.024109
1978 8 -0.313307
1978 9 -2.531622
1978 10 -1.361179
1978 11 -0.430472
1978 12 -0.156437
1979 1 0.678859
1979 2 -0.481040
1979 3 2.763967
1979 4 0.337545
1979 5 3.169338
1979 6 0.745549
1979 7 3.244864
1979 8 2.026380
1979 9 1.068861
1979 10 1.874316
1979 11 2.655430
1979 12 0.176574
1980 1 0.356827
1980 2 0.162856
1980 3 -0.017205
1980 4 -0.339903
1980 5 -0.508305
1980 6 -2.444445
1980 7 -2.746596
1980 8 3.715730
1980 9 -1.251983
1980 10 -0.310007
1980 11 -1.303488
1980 12 -0.664039
1981 1 -0.750602
1981 2 -0.307547
1981 3 -0.969466
1981 4 -3.452604
1981 5 -2.294929
1981 6 -2.238404
1981 7 0.844534
1981 8 -1.172324
1981 9 -2.192004
1981 10 -1.305521
1981 11 -0.691147
1981 12 0.571502
1982 1 0.627811
1982 2 -0.711316
1982 3 -1.086642
1982 4 -0.921473
1982 5 3.216513
1982 6 -0.647123
1982 7 -0.668228
1982 8 -1.561806
1982 9 -0.333227
1982 10 1.909363
1982 11 1.954980
1982 12 2.130927
1983 1 0.825326
1983 2 0.571427
1983 3 3.409382
1983 4 1.533726
1983 5 0.033667
1983 6 3.809129
1983 7 -0.708578
1983 8 -1.843414
1983 9 -0.410404
1983 10 -0.528231
1983 11 1.603562
1983 12 -0.620033
1984 1 -0.202517
1984 2 0.287415
1984 3 2.503578
1984 4 4.337972
1984 5 0.492912
1984 6 3.090250
1984 7 0.182714
1984 8 -1.686902
1984 9 -1.068809
1984 10 3.267063
1984 11 -0.316350
1984 12 -0.102866
1985 1 -0.176246
1985 2 0.172937
1985 3 1.113451
1985 4 1.950848
1985 5 -1.406077
1985 6 1.020462
1985 7 -1.462558
1985 8 2.783341
1985 9 2.274998
1985 10 -0.175293
1985 11 0.270398
1985 12 -0.282980
1986 1 -0.148351
1986 2 0.213619
1986 3 -0.021428
1986 4 1.261861
1986 5 2.901344
1986 6 1.433147
1986 7 0.410687
1986 8 0.412710
1986 9 2.952805
1986 10 1.932879
1986 11 -0.085842
1986 12 0.009823
1987 1 0.053247
1987 2 -0.200306
1987 3 4.027623
1987 4 -1.392968
1987 5 -1.254564
1987 6 0.112270
1987 7 1.356731
1987 8 -0.282295
1987 9 0.419553
1987 10 -1.235510
1987 11 0.221098
1987 12 0.579711
1988 1 0.520885
1988 2 -0.311233
1988 3 -1.837935
1988 4 1.204041
1988 5 -0.205374
1988 6 -4.303537
1988 7 -0.874915
1988 8 0.334313
1988 9 -0.137868
1988 10 -1.608651
1988 11 -0.424054
1988 12 -0.943123
1989 1 -0.221669
1989 2 -0.508205
1989 3 -1.462599
1989 4 -1.864862
1989 5 -3.280815
1989 6 -3.303947
1989 7 -2.609019
1989 8 -1.397608
1989 9 -0.469338
1989 10 -1.998077
1989 11 -0.968017
1989 12 -0.642359
1990 1 -0.317624
1990 2 -0.961694
1990 3 -1.807375
1990 4 -1.437290
1990 5 2.200353
1990 6 -3.259624
1990 7 -1.813457
1990 8 -1.292684
1990 9 -2.179656
1990 10 -0.135495
1990 11 -0.411066
1990 12 -0.538717
1991 1 -0.381270
1991 2 -0.835393
1991 3 -1.609513
1991 4 0.292183
1991 5 0.443306
1991 6 0.362207
1991 7 -1.594063
1991 8 -2.110810
1991 9 -1.475196
1991 10 -0.261272
1991 11 1.556534
1991 12 -0.306305
1992 1 0.133973
1992 2 0.611611
1992 3 1.414074
1992 4 -0.102516
1992 5 -1.026047
1992 6 1.034603
1992 7 2.603428
1992 8 5.614080
1992 9 2.494491
1992 10 5.124388
1992 11 1.696433
1992 12 1.296574
1993 1 0.416827
1993 2 1.202856
1993 3 0.096518
1993 4 2.717097
1993 5 3.321027
1993 6 1.405956
1993 7 5.551242
1993 8 3.013679
1993 9 1.062793
1993 10 0.499704
1993 11 1.546032
1993 12 0.416574
1994 1 0.906827
1994 2 1.032856
1994 3 -1.031476
1994 4 0.777214
1994 5 -2.156521
1994 6 1.006405
1994 7 1.469485
1994 8 0.439733
1994 9 1.668130
1994 10 -0.492257
1994 11 -0.251141
1994 12 0.287868
1995 1 -0.213749
1995 2 -0.479269
1995 3 3.295867
1995 4 3.815803
1995 5 4.447240
1995 6 -1.483245
1995 7 -0.352882
1995 8 2.029411
1995 9 0.778308
1995 10 3.028367
1995 11 0.938281
1995 12 -0.175022
1996 1 0.460655
1996 2 -0.167564
1996 3 -0.111739
1996 4 -0.647086
1996 5 0.834517
1996 6 -0.728610
1996 7 3.415194
1996 8 1.196400
1996 9 1.219020
1996 10 0.018774
1996 11 3.433334
1996 12 0.843297
1997 1 0.596827
1997 2 1.012856
1997 3 -0.417484
1997 4 1.275967
1997 5 4.090128
1997 6 -1.560739
1997 7 3.193621
1997 8 -0.208690
1997 9 2.194709
1997 10 3.074871
1997 11 -0.180550
1997 12 0.327308
1998 1 0.326051
1998 2 -0.057973
1998 3 2.186967
1998 4 3.671906
1998 5 -0.067870
1998 6 2.288770
1998 7 0.883337
1998 8 0.900770
1998 9 -1.850906
1998 10 2.841331
1998 11 2.256028
1998 12 0.166467
1999 1 0.215648
1999 2 0.844306
1999 3 -0.340593
1999 4 3.480322
1999 5 2.897001
1999 6 6.514660
1999 7 9.228884
1999 8 -0.783598
1999 9 -1.669635
1999 10 -0.895960
1999 11 -1.300273
1999 12 -0.805423
2000 1 -0.640765
2000 2 0.548398
2000 3 -1.745347
2000 4 -0.428506
2000 5 0.382714
2000 6 0.117160
2000 7 -1.383807
2000 8 0.359464
2000 9 -1.614942
2000 10 0.622473
2000 11 2.484781
2000 12 -0.481310
2001 1 1.224459
2001 2 -0.146331
2001 3 -0.840711
2001 4 1.024251
2001 5 0.689913
2001 6 -2.832925
2001 7 4.215860
2001 8 -0.295914
2001 9 1.430952
2001 10 0.441929
2001 11 3.021402
2001 12 -0.277960
2002 1 -0.107169
2002 2 0.107332
2002 3 -0.935923
2002 4 -0.402246
2002 5 -0.421302
2002 6 -2.909658
2002 7 -3.144320
2002 8 1.947330
2002 9 -1.688874
2002 10 1.397693
2002 11 -0.777649
2002 12 -0.701732
2003 1 -0.193915
2003 2 -0.431588
2003 3 -0.605156
2003 4 0.379669
2003 5 -99.000000
2003 6 -99.000000
2003 7 -99.000000
2003 8 -99.000000
2003 9 -99.000000
2003 10 -99.000000
2003 11 -99.000000
2003 12 -99.000000
