 1893   0.27   0.86   1.13   1.95   1.82   1.20   1.23   1.19   0.86   0.64   0.71   1.32
 1894   1.38   1.34   0.97   1.56   1.36   0.77  -1.18  -1.62  -2.14  -2.05  -2.28  -2.17
 1895  -2.09  -2.11  -2.49  -2.12  -2.31  -1.83  -1.73  -1.25   1.16   0.90   0.93   0.61
 1896  -0.48  -0.60  -0.62   1.09   1.83   2.58   3.44   3.38   3.31   3.83   4.91   4.75
 1897   5.67   5.59   5.95   6.60   5.90   6.03   6.20   5.89   5.15   4.94   4.72   5.42
 1898   5.52   5.51   5.31   5.05   5.83   6.03   6.27   6.37   5.83   5.91   5.74   5.41
 1899   5.41   5.60   5.52   4.93   5.91   6.43   6.14   6.11   5.40   5.08   4.63   4.60
 1900   4.32   4.50   4.52   5.05   4.94   4.40   5.61   5.59   5.95   5.85   5.52   5.50
 1901   5.28   5.46   5.59   5.40   5.19   5.21   4.60   4.21   6.45   6.49   6.49   6.77
 1902   7.16   7.13   6.95   6.68   6.29   6.03   6.21   6.74   7.36   6.80   6.53   6.98
 1903   6.61   6.75   6.30   6.10   7.14   6.92   7.24   8.24   7.76   7.81   7.56   7.22
 1904   7.06   6.97   6.52   6.53   6.72   6.78   6.64   7.30   6.83   7.34   6.83   6.45
 1905   6.84   6.90   6.64   6.59   7.90   7.85   7.99   8.02   8.22   8.21   9.00   8.53
 1906   8.39   8.60   8.52   8.62   7.82   7.28   6.76   8.66   9.86  10.52  10.06   9.77
 1907   9.70   9.56   8.81   8.24   8.18   8.24   9.13   8.83   8.38   7.79   7.15   7.01
 1908   6.60   6.48   6.13   5.92   6.08   6.41   6.70   6.98   6.36   6.50   6.70   6.48
 1909   6.42   6.79   6.45   6.40   6.71   6.81   7.24   7.39   7.76   7.47   7.86   8.07
 1910   7.97   7.61   6.70   5.81   5.21   4.52   4.18   4.62   4.81   4.56   4.11   3.71
 1911   3.34   3.09   2.34   1.86   1.39   1.09   0.99   1.37   0.80   1.75   1.64   1.77
 1912   1.70   1.69   1.75   1.83   1.52   1.12   1.20   1.62   2.13   2.14   1.74   1.55
 1913   1.29   1.54   1.43   2.52   4.01   3.70   3.62   3.07   2.61   2.16   1.68   1.35
 1914   1.14   0.96  -1.81  -1.73  -1.79  -1.54  -1.76  -1.66  -0.79  -1.08  -1.45  -1.34
 1915  -1.33   1.16   1.09   1.06   2.17   2.44   4.47   4.39   4.98   5.19   5.17   5.21
 1916   5.50   5.39   5.09   5.45   5.69   5.88   5.99   5.87   6.08   5.73   5.43   5.28
 1917   5.60   5.53   5.62   6.16   6.36   6.31   6.02   6.00   5.58   5.09   4.66   4.56
 1918   4.68   4.56   3.95   3.72   4.62   4.35   4.06   4.40   4.05   4.08   4.35   4.47
 1919   4.25   5.00   4.77   5.05   5.03   5.02   4.88   4.51   4.23   4.27   4.81   4.55
 1920   4.24   4.11   4.11   5.90   6.47   6.48   6.19   5.87   5.38   5.42   5.25   5.26
 1921   4.97   4.73   4.05   3.47   3.55   2.89   3.39   3.23   3.09   2.90   2.63   2.37
 1922   2.55   2.54   2.05   2.07   1.82   1.56   1.79   1.30   0.59  -1.39  -0.85  -1.06
 1923  -0.98  -1.19  -1.27  -0.88  -0.57   0.67   0.77   2.95   4.07   3.92   3.73   3.82
 1924   3.75   4.10   4.28   3.98   3.74   4.25   4.25   4.49   4.49   4.03   3.59   4.13
 1925   4.27   4.16   3.67   3.55   2.94   2.98   2.51   1.81   1.67   1.50   1.20   1.05
 1926   1.08   0.73  -1.71  -2.25  -2.71  -3.20  -3.52  -2.97  -2.15  -2.22  -1.72  -1.70
 1927  -1.81  -1.18  -0.67   2.46   2.99   2.74   2.96   3.45   3.44   2.98   2.85   2.69
 1928   2.37   2.93   2.99   2.51   2.80   2.58   2.79   2.50   2.19   2.70   2.85   2.59
 1929   2.64   2.84   2.46   3.00   3.55   3.77   3.87   3.78   3.95   4.20   4.14   3.95
 1930   4.01   3.68   3.28   3.16   3.55   3.50   2.87   2.93   2.89   3.22   3.56   3.34
 1931   3.17   3.01   2.82   2.71   2.39   1.75   1.24  -1.68  -2.05  -2.19  -1.40  -1.27
 1932  -0.59   1.28   1.06   0.63   1.30   1.27   1.11   1.19   0.98   0.83   0.57  -0.53
 1933  -0.71  -0.62   0.23  -0.25  -0.37  -1.00   0.85   0.86  -0.30  -0.76  -1.07  -0.96
 1934  -1.02  -1.13  -1.02  -1.49  -2.48  -2.20  -2.36  -2.92  -2.24  -2.49  -2.35  -2.26
 1935  -1.97  -1.74  -2.06  -1.07  -0.90  -0.80  -0.96   0.98   0.55  -0.69  -0.64   0.05
 1936   1.12   1.86   1.72   1.52   1.38   0.85  -1.50  -2.41  -1.72  -1.94  -2.11  -1.74
 1937  -1.13  -1.13  -1.10  -0.90  -1.11  -1.28  -1.60  -1.16  -1.54  -0.89  -0.97  -1.06
 1938  -0.74   0.87   0.61  -0.35  -0.11  -0.51   0.16  -0.33   1.00   0.57   1.06   0.88
 1939   1.22   1.82   1.99   1.94   1.59   1.83   1.60   1.67   0.89  -1.05  -1.42  -1.51
 1940  -1.47  -1.32  -0.96   0.81  -0.60  -0.61  -0.62  -0.79  -1.47  -1.36  -0.83   0.64
 1941   1.30   2.06   1.89   2.85   2.28   2.45   2.12   1.51   1.79   1.75   1.43   1.37
 1942   1.26   1.64   1.75   1.17   1.39   1.75   1.87   1.65   2.04   1.75   1.54   1.31
 1943   1.41   1.36   1.40   1.11   0.85   0.82   0.70  -0.95  -1.50  -1.39  -1.40  -1.66
 1944  -1.11  -0.64  -0.75   1.05   1.75   1.80   2.74   4.69   4.53   4.22   4.30   4.19
 1945   4.39   4.56   4.29   4.33   4.55   4.43   4.15   4.39   3.93   3.30   2.98   3.22
 1946   2.93   2.75   2.51   1.76   1.75   1.24   0.60  -1.95  -1.36  -0.77   1.46   1.35
 1947   1.69   1.55   1.32   1.45   1.61   1.84   1.77   1.43   1.04   1.19   1.53   1.53
 1948   1.31   1.80   1.51   1.21   0.60   0.87   0.94   1.00  -0.78  -0.73   0.58   0.75
 1949   1.62   1.45   2.20   1.99   2.13   1.78   2.14   1.72   2.83   2.69   2.25   2.06
 1950   1.99   2.24   2.21   2.09   2.56   2.99   3.33   3.42   3.14   2.93   2.79   2.46
 1951   2.16   2.37   2.72   3.93   4.04   4.56   4.68   6.20   6.81   7.06   6.86   6.76
 1952   6.87   6.89   6.89   6.54   6.73   5.90   5.56   5.65   4.85   4.18   3.86   3.68
 1953   3.43   3.77   3.36   4.14   4.60   4.24   4.50   4.60   4.16   3.58   3.46   3.64
 1954   3.26   3.51   3.37   3.31   3.40   3.59   3.41   3.73   3.44   3.50   3.04   2.78
 1955   2.53   2.61   2.21   1.76   1.01   1.13  -1.66  -2.61  -3.05  -3.34  -3.46  -3.22
 1956  -3.18  -3.22  -3.59  -3.51  -3.70  -4.27  -3.89  -4.09  -4.46  -4.68  -4.56  -4.56
 1957  -4.50  -4.48  -4.28  -4.23  -3.57  -3.35  -3.18  -3.20  -2.84  -2.54  -2.07  -2.21
 1958  -2.21  -1.68  -1.70  -0.96  -1.35  -1.68  -0.97  -1.51  -2.03  -2.50  -2.58  -2.76
 1959  -2.78  -2.65  -2.48  -2.59  -1.59  -1.75  -1.86  -1.72  -1.92  -1.37   1.38   1.60
 1960   1.78   1.76   2.05   2.32   3.39   3.31   3.13   4.41   4.09   3.83   3.75   3.57
 1961   3.41   3.37   3.23   3.00   3.03   2.54   2.66   2.19   2.07   1.74   1.54   1.47
 1962   1.15   1.54   1.79   1.67   2.28   3.10   3.59   3.64   4.22   3.87   3.40   3.25
 1963   3.22   3.01   2.67   2.44   2.10   2.73   3.66   3.93   3.67   3.12   2.63   2.29
 1964   2.15   1.92   1.86   2.10   1.79   1.61   1.77   2.87   3.11   2.73   2.51   2.45
 1965   2.18   2.40   2.11   2.04   2.38   2.35   2.26   2.27   3.57   3.25   2.95   2.84
 1966   2.71   2.86   2.63   2.47   1.88   2.02   1.91   2.51   2.37   2.29   1.94   1.83
 1967   1.74   1.42   0.75  -1.30  -1.20   1.25   1.09   1.29   0.76   0.56  -0.86  -0.97
 1968  -0.92  -1.14  -1.64  -1.40  -1.86  -2.34  -2.84  -2.59  -2.49  -0.98  -0.92   1.86
 1969   2.25   2.53   2.49   2.01   1.74   2.13   2.67   2.62   2.55   3.04   2.75   2.80
 1970   2.58   2.33   2.34   2.46   2.59   2.43   1.90   1.38   1.29   1.64   1.98   2.00
 1971   1.83   2.52   2.30   1.98   1.62   2.32   2.34   1.72   1.23   1.51   1.76   1.76
 1972   1.56   1.51   1.09   1.03   2.00   2.11   2.71   2.60   2.32   2.31   2.34   2.54
 1973   2.73   2.70   3.60   3.64   3.85   3.45   3.37   2.45   3.27   2.89   2.96   2.87
 1974   2.58   2.26   1.84   1.42   0.98   0.70  -1.94  -1.78  -1.91  -2.16  -2.38  -2.50
 1975  -2.20  -2.35  -2.40  -2.24  -2.58  -2.40  -2.93  -2.81  -3.05  -3.37  -2.43  -2.55
 1976  -2.51  -2.57  -2.54  -2.54  -2.83  -3.26  -3.42  -3.72  -3.92  -4.01  -4.09  -4.17
 1977  -4.19  -4.10  -3.78  -3.33  -3.30  -3.58  -3.71  -3.57  -3.19  -2.89  -2.63  -2.36
 1978  -2.40  -2.01  -2.30  -1.81  -1.67  -2.16  -1.01  -1.02  -1.61  -1.85  -1.85  -1.77
 1979  -1.31  -1.39   0.87   0.93   1.66   1.71   2.41   2.86   3.01   3.39   4.15   4.01
 1980   3.97   3.83   3.63   3.34   3.06   2.46   1.72   2.68   2.21   2.01   1.49   1.16
 1981   0.77   0.62  -1.46  -2.36  -2.70  -2.90  -2.47  -2.59  -2.97  -3.09  -3.08  -2.60
 1982  -2.11  -2.22  -2.32  -2.42  -1.44  -1.44  -1.48  -1.78  -1.73  -1.05   1.20   2.03
 1983   2.31   2.43   3.23   3.55   3.37   3.93   3.57   2.91   2.65   2.38   2.82   2.43
 1984   2.22   2.22   2.79   4.01   3.92   4.32   4.14   3.49   3.03   3.81   3.51   3.29
 1985   3.04   2.95   3.11   3.56   3.06   3.10   2.61   3.26   3.73   3.50   3.41   3.13
 1986   2.90   2.84   2.69   2.94   3.50   3.60   3.51   3.45   4.11   4.45   4.19   3.98
 1987   3.80   3.53   4.44   3.81   3.33   3.18   3.35   3.10   3.06   2.58   2.52   2.64
 1988   2.74   2.49   1.89   2.17   2.02   1.14   0.89   0.94   0.85  -1.24  -1.28  -1.55
 1989  -1.53  -1.61  -1.85  -2.26  -2.83  -3.21  -3.56  -3.65  -3.50  -3.76  -3.79  -3.75
 1990  -3.60  -3.69  -3.87  -3.99  -3.15  -3.49  -3.64  -3.70  -3.99  -3.72  -3.57  -3.51
 1991  -3.41  -3.46  -3.61  -3.24  -2.88  -2.59  -2.76  -3.10  -3.25  -3.07  -2.29  -2.23
 1992  -2.00  -1.59  -1.08  -1.03  -1.18  -0.89   1.41   2.91   3.47   4.75   5.10   5.38
 1993   5.30   5.52   5.26   5.84   6.35   6.29   7.31   7.78   7.68   7.43   7.59   7.37
 1994   7.42   7.45   6.81   6.70   5.87   5.76   5.82   5.65   5.83   5.40   5.04   4.90
 1995   4.56   4.14   4.83   5.77   6.56   5.96   5.57   5.86   5.77   6.34   6.34   5.95
 1996   5.86   5.49   5.18   4.73   4.69   4.32   4.92   5.00   5.09   4.83   5.79   5.84
 1997   5.82   5.93   5.52   5.64   6.35   5.74   6.22   5.84   6.17   6.73   6.32   6.13
 1998   5.97   5.64   5.95   6.79   6.42   6.54   6.41   6.34   5.52   6.05   6.53   6.26
 1999   6.04   6.07   5.67   6.47   6.85   7.75   9.59   8.89   8.00   7.35   6.55   5.90
 2000   5.32   5.27   4.56   4.20   4.08   3.89   3.38   3.31   2.71   2.75   3.48   3.12
 2001   3.53   3.29   2.91   3.08   3.09   2.43   3.32   3.07   3.32   3.28   4.17   3.85
 2002   3.60   3.46   3.05   2.77   2.53   1.88   1.08   1.57   1.05   1.40   1.07   0.75
 2003   0.62  -1.28  -1.34  -1.11 -99.00 -99.00 -99.00 -99.00 -99.00 -99.00 -99.00 -99.00
