 1893   0.27   0.86   1.13   1.95   1.73   0.36   0.50   0.48  -0.19  -0.62  -0.37   0.93
 1894   1.08   1.04   0.26   1.56   1.15  -0.26  -1.18  -1.62  -2.14  -2.05  -2.28  -2.17
 1895  -2.09  -2.11  -2.49  -1.83  -2.31  -1.37  -1.29  -0.33   1.16   0.47   0.62  -0.22
 1896  -0.48  -0.60  -0.62   1.09   1.83   2.58   3.44   3.38   3.31   3.83   4.91   4.75
 1897   5.67   5.59   5.95   6.60   5.48   6.03   6.20   5.87   4.62   4.45   4.25   5.42
 1898   5.52   5.51   5.31   5.04   5.83   6.03   6.27   6.37   5.57   5.91   5.74   5.34
 1899   5.41   5.60   5.52   4.57   5.91   6.43   6.14   6.11   4.93   4.54   3.88   4.04
 1900   3.69   4.27   4.52   5.05   4.94   4.06   5.61   5.59   5.95   5.85   5.46   5.50
 1901   5.28   5.46   5.59   5.40   5.19   5.21   4.19   3.61   6.45   6.49   6.49   6.77
 1902   7.16   7.13   6.95   6.68   6.20   5.99   6.21   6.74   7.36   6.57   6.35   6.98
 1903   6.57   6.75   6.17   6.08   7.14   6.92   7.24   8.24   7.68   7.81   7.56   7.22
 1904   7.06   6.97   6.39   6.53   6.72   6.78   6.64   7.30   6.69   7.34   6.67   6.22
 1905   6.84   6.90   6.64   6.59   7.90   7.85   7.99   8.02   8.22   8.21   9.00   8.50
 1906   8.39   8.60   8.52   8.62   7.42   6.69   6.00   8.66   9.86  10.52  10.06   9.77
 1907   9.70   9.56   8.51   7.79   8.09   8.24   9.13   8.83   8.36   7.57   6.65   6.72
 1908   6.25   6.32   5.94   5.80   6.08   6.41   6.70   6.98   6.05   6.50   6.70   6.48
 1909   6.42   6.79   6.44   6.40   6.71   6.81   7.24   7.39   7.76   7.47   7.86   8.07
 1910   7.97   7.61   6.11   4.62   3.68   2.56   2.13   3.25   3.84   3.57   2.92   2.33
 1911   1.81   1.49   0.25  -0.49  -1.16  -1.52  -1.53  -0.71  -1.52   0.17   0.09   0.40
 1912   0.37   0.44   0.60   0.68   0.29  -0.23  -0.04   0.54   1.04   1.09   0.50   0.27
 1913  -0.06   0.42   0.32   1.77   4.01   3.54   3.57   2.57   1.74   0.91   0.05  -0.51
 1914  -0.80  -1.02  -1.81  -1.73  -1.79  -1.32  -1.76  -1.66   0.36  -0.41  -1.36  -1.19
 1915  -1.27   1.16   1.04   1.01   2.17   2.44   4.47   4.39   4.98   5.19   5.17   5.21
 1916   5.50   5.39   5.02   5.45   5.69   5.88   5.99   5.87   6.08   5.66   5.33   5.28
 1917   5.60   5.53   5.62   6.16   6.36   6.31   6.02   6.00   5.44   4.70   4.06   4.08
 1918   4.56   4.55   3.49   3.19   4.62   4.30   3.90   4.40   3.88   4.08   4.35   4.47
 1919   4.24   5.00   4.77   5.05   5.03   5.02   4.88   4.36   3.99   4.27   4.81   4.51
 1920   4.09   4.02   4.11   5.90   6.47   6.48   6.19   5.83   5.11   5.42   5.25   5.26
 1921   4.92   4.66   3.48   2.47   2.81   1.62   2.80   2.64   2.50   2.27   1.86   1.47
 1922   1.93   2.00   1.13   1.27   0.87   0.47   0.99   0.14  -1.07  -1.39  -0.08  -0.69
 1923  -0.57  -1.14  -1.27  -0.31   0.46   0.67   0.77   2.95   4.07   3.92   3.71   3.82
 1924   3.75   4.10   4.28   3.86   3.55   4.25   4.25   4.49   4.49   3.73   3.01   4.13
 1925   4.27   4.16   3.33   3.26   2.14   2.37   1.52   0.20   0.05  -0.17  -0.64  -0.80
 1926  -0.63  -1.15  -1.71  -2.25  -2.71  -3.20  -3.52  -2.61  -1.04  -1.35  -0.45  -0.56
 1927  -0.92   0.25   1.15   2.46   2.99   2.60   2.96   3.45   3.44   2.63   2.49   2.29
 1928   1.74   2.93   2.99   2.07   2.80   2.45   2.79   2.28   1.72   2.70   2.85   2.41
 1929   2.64   2.84   2.13   3.00   3.55   3.77   3.87   3.78   3.95   4.20   4.14   3.95
 1930   4.01   3.51   2.85   2.74   3.55   3.50   2.31   2.58   2.65   3.22   3.56   3.27
 1931   3.06   2.89   2.63   2.53   1.96   0.71  -0.27  -1.68  -2.05  -2.19  -0.52  -0.35
 1932   1.09   1.28   0.75  -0.34   1.30   1.27   0.90   1.18   0.64   0.29  -0.36  -0.53
 1933  -0.71  -0.30   0.23  -0.25  -0.37  -1.00   0.85   0.86  -0.30  -0.76  -1.07  -0.82
 1934  -1.02  -1.13  -0.89  -1.49  -2.48  -2.03  -2.36  -2.92  -1.62  -2.35  -2.22  -2.18
 1935  -1.71  -1.34  -2.06   0.12   0.39   0.52   0.10   0.98  -0.32  -0.69  -0.48   0.05
 1936   1.12   1.86   1.63   1.25   0.97  -0.21  -1.50  -2.41  -1.03  -1.64  -2.11  -1.40
 1937  -0.13  -0.22  -0.23   0.12  -0.41  -0.84  -1.59  -0.61  -1.54  -0.02  -0.29  -0.57
 1938   0.12   0.87  -0.01  -0.35   0.21  -0.51   0.16  -0.33   1.00   0.57   1.06   0.57
 1939   1.22   1.82   1.99   1.94   1.21   1.83   1.38   1.63  -0.17  -1.05  -1.42  -1.51
 1940  -1.47  -1.21  -0.37   0.81  -0.60  -0.61  -0.62  -0.79  -1.47  -1.31  -0.05   0.64
 1941   1.30   2.06   1.76   2.85   1.73   2.22   1.62   0.39   1.09   1.09   0.51   0.45
 1942   0.31   1.13   1.37   0.22   0.76   1.52   1.87   1.43   2.04   1.47   1.06   0.61
 1943   0.92   0.87   1.02   0.44  -0.07  -0.07  -0.27  -0.95  -1.50  -1.33  -1.40  -1.66
 1944  -0.42   0.65   0.29   1.05   1.75   1.80   2.74   4.69   4.53   4.10   4.30   4.19
 1945   4.39   4.56   4.21   4.33   4.55   4.43   4.06   4.39   3.65   2.48   1.99   2.65
 1946   2.20   1.97   1.62   0.22   0.32  -0.57  -1.68  -1.95  -0.70   0.58   1.46   1.25
 1947   1.69   1.45   0.96   1.34   1.61   1.84   1.77   1.04   0.18   0.59   1.45   1.53
 1948   1.04   1.80   1.19   0.55  -0.82  -0.11   0.10   0.29  -0.78  -0.64   0.58   0.75
 1949   1.62   1.27   2.20   1.83   2.13   1.41   2.14   1.29   2.83   2.67   1.82   1.52
 1950   1.48   2.10   2.14   2.00   2.56   2.99   3.33   3.42   2.99   2.69   2.54   1.96
 1951   1.44   2.00   2.72   3.93   4.04   4.56   4.68   6.20   6.81   7.06   6.86   6.76
 1952   6.87   6.89   6.89   6.52   6.73   5.34   4.94   5.42   4.04   2.91   2.48   2.31
 1953   2.00   2.87   2.24   3.88   4.60   4.08   4.50   4.60   3.91   2.88   2.81   3.37
 1954   2.75   3.42   3.30   3.31   3.40   3.59   3.38   3.73   3.30   3.50   2.69   2.27
 1955   1.87   2.17   1.44   0.61  -0.84  -0.47  -1.66  -2.61  -3.05  -3.34  -3.46  -3.21
 1956  -3.18  -3.22  -3.59  -3.51  -3.70  -4.27  -3.78  -4.09  -4.46  -4.68  -4.56  -4.56
 1957  -4.50  -4.48  -4.28  -4.23  -3.15  -2.93  -2.83  -3.09  -2.56  -2.13  -1.30  -1.74
 1958  -1.88  -0.91  -1.08   0.34  -0.55  -1.23   0.12  -1.03  -2.03  -2.50  -2.58  -2.76
 1959  -2.78  -2.65  -2.48  -2.59  -0.53  -1.02  -1.39  -1.20  -1.76  -0.66   1.38   1.60
 1960   1.78   1.76   2.05   2.32   3.39   3.31   3.09   4.41   3.96   3.61   3.62   3.44
 1961   3.27   3.37   3.23   2.88   3.03   2.10   2.49   1.59   1.46   0.84   0.51   0.45
 1962  -0.12   0.75   1.30   1.13   2.28   3.10   3.59   3.64   4.22   3.69   2.88   2.73
 1963   2.82   2.56   1.97   1.63   1.05   2.42   3.66   3.93   3.56   2.57   1.69   1.10
 1964   0.95   0.58   0.58   1.18   0.66   0.41   0.81   2.87   3.11   2.43   2.08   2.09
 1965   1.62   2.21   1.69   1.64   2.38   2.35   2.26   2.27   3.57   3.07   2.58   2.49
 1966   2.35   2.81   2.44   2.23   1.06   1.46   1.32   2.51   2.32   2.26   1.58   1.43
 1967   1.33   0.68  -0.73  -1.30  -1.13   1.25   0.90   1.29  -0.08  -0.55  -0.86  -0.97
 1968  -0.89  -1.14  -1.64  -1.16  -1.86  -2.34  -2.84  -2.49  -2.49   0.74   0.76   1.86
 1969   2.25   2.53   2.49   1.53   1.03   1.99   2.67   2.62   2.55   3.04   2.56   2.80
 1970   2.44   2.03   2.16   2.46   2.59   2.35   1.29   0.22   0.13   0.96   1.76   1.88
 1971   1.58   2.52   2.15   1.55   0.84   2.32   2.34   1.03   0.01   0.74   1.37   1.44
 1972   1.09   1.06   0.23   0.17   2.00   2.11   2.71   2.60   2.11   2.21   2.34   2.54
 1973   2.73   2.70   3.60   3.64   3.85   3.18   3.18   1.38   3.26   2.60   2.90   2.85
 1974   2.36   1.78   0.97   0.16  -0.69  -1.15  -1.94  -1.70  -1.91  -2.16  -2.38  -2.50
 1975  -2.01  -2.35  -2.40  -2.22  -2.58  -2.36  -2.93  -2.81  -3.05  -3.37  -1.57  -2.02
 1976  -2.12  -2.42  -2.54  -2.54  -2.83  -3.26  -3.42  -3.72  -3.92  -4.01  -4.09  -4.17
 1977  -4.19  -4.10  -3.73  -3.05  -3.25  -3.58  -3.71  -3.57  -3.03  -2.61  -2.27  -1.87
 1978  -2.13  -1.47  -2.19  -1.27  -1.10  -2.16   0.34   0.23  -1.18  -1.82  -1.85  -1.77
 1979  -0.80  -1.09   0.87   0.93   1.66   1.71   2.41   2.86   3.01   3.39   4.15   4.01
 1980   3.97   3.83   3.59   3.17   2.72   1.59   0.14   2.26   1.42   1.13   0.16  -0.41
 1981  -1.05  -1.23  -1.46  -2.36  -2.70  -2.90  -2.17  -2.59  -2.97  -3.09  -3.08  -2.26
 1982  -1.37  -1.76  -2.15  -2.42  -0.37  -0.50  -0.70  -1.46  -1.46  -0.07   1.20   2.03
 1983   2.31   2.43   3.23   3.55   3.35   3.93   3.36   2.12   1.72   1.28   2.33   1.67
 1984   1.35   1.46   2.70   4.01   3.92   4.32   4.14   2.96   2.16   3.81   3.36   3.06
 1985   2.70   2.67   3.11   3.56   2.65   2.90   2.00   3.26   3.73   3.41   3.41   2.96
 1986   2.63   2.64   2.46   2.94   3.50   3.60   3.51   3.45   4.11   4.45   4.13   3.89
 1987   3.71   3.33   4.44   3.33   2.50   2.36   2.87   2.52   2.59   1.73   1.75   2.09
 1988   2.41   2.00   0.89   1.56   1.34  -0.33  -0.73  -0.53  -0.59  -1.24  -1.28  -1.55
 1989  -1.53  -1.61  -1.85  -2.26  -2.83  -3.21  -3.56  -3.65  -3.50  -3.76  -3.79  -3.75
 1990  -3.60  -3.69  -3.87  -3.99  -2.47  -3.46  -3.64  -3.70  -3.99  -3.72  -3.57  -3.51
 1991  -3.41  -3.46  -3.61  -3.09  -2.56  -2.14  -2.68  -3.10  -3.25  -3.07  -1.57  -1.62
 1992  -1.28  -0.55   0.41   0.41  -0.01   0.47   1.41   2.91   3.47   4.75   5.10   5.38
 1993   5.30   5.52   5.26   5.84   6.35   6.29   7.31   7.78   7.68   7.43   7.59   7.37
 1994   7.42   7.45   6.50   6.63   5.25   5.33   5.74   5.65   5.83   5.23   4.75   4.72
 1995   4.24   3.61   4.83   5.77   6.56   5.64   5.14   5.86   5.77   6.34   6.34   5.85
 1996   5.86   5.40   5.03   4.34   4.50   3.95   4.92   5.00   5.09   4.81   5.79   5.84
 1997   5.82   5.93   5.38   5.64   6.35   5.41   6.22   5.76   6.17   6.73   6.23   6.13
 1998   5.97   5.59   5.95   6.79   6.38   6.54   6.41   6.34   4.97   6.05   6.53   6.26
 1999   6.04   6.07   5.55   6.47   6.85   7.75   9.59   8.65   7.27   6.35   5.09   4.12
 2000   3.26   3.45   2.32   1.87   1.88   1.75   1.00   1.07   0.18   0.44   1.90   1.41
 2001   2.22   1.95   1.43   1.81   1.88   0.86   2.33   2.02   2.51   2.53   4.17   3.69
 2002   3.37   3.25   2.54   2.11   1.75   0.51  -1.02   0.11  -0.81  -0.02  -0.53  -1.03
 2003  -1.13  -1.28  -1.34  -0.85 -99.00 -99.00 -99.00 -99.00 -99.00 -99.00 -99.00 -99.00
