 1893   0.99   2.17   1.11   3.21  -0.13  -1.89   0.33   0.08  -0.96  -0.65   0.40   2.33
 1894   0.46   0.11  -1.09   2.31  -0.42  -1.87  -2.12  -1.90  -2.29  -0.28  -1.36  -0.25
 1895  -0.29  -0.66  -1.93   0.66  -1.27   1.10  -0.15   1.24   2.22  -0.74   0.29  -0.97
 1896  -0.47  -0.57  -0.24   3.94   2.86   3.07   3.57   0.44   0.38   2.49   4.62   0.33
 1897   4.19   0.77   2.37   3.43  -1.30   1.55   1.74   0.04  -1.59   0.20   0.15   3.41
 1898   1.37   0.99   0.30   0.06   3.76   1.79   1.98   1.54  -0.77   1.39   0.48  -0.13
 1899   1.00   1.71   0.73  -1.09   4.45   3.00   0.14   1.03  -1.45  -0.15  -0.65   0.74
 1900  -0.15   1.46   0.89   2.77   0.54  -1.02   5.20   0.94   2.36   0.72  -0.10   0.96
 1901   0.22   1.64   1.47   0.35   0.27   1.02  -1.23  -0.55   8.87   1.33   1.20   2.25
 1902   2.67   1.21   0.68   0.33  -0.19   0.25   1.78   3.08   3.50  -0.68   0.28   2.86
 1903  -0.04   1.73  -0.35   0.45   4.88   0.54   2.44   4.96  -0.20   1.61   0.56   0.19
 1904   0.76   0.97  -0.32   1.27   1.88   1.47   0.78   3.63  -0.37   3.12  -0.45  -0.13
 1905   2.62   1.47   0.37   1.06   5.94   1.31   1.95   1.61   2.21   1.47   4.40  -0.02
 1906   1.06   2.32   1.33   1.95  -1.28  -0.52  -0.51   8.13   5.94   4.23   0.29   0.83
 1907   1.57   1.29  -0.93  -0.43   1.33   1.74   4.75   0.60   0.02  -0.58  -0.86   0.82
 1908  -0.15   0.78  -0.05   0.37   1.70   2.31   2.24   2.25  -0.94   1.70   1.91   0.48
 1909   0.97   2.53   0.04   1.00   2.33   1.62   2.82   1.89   2.71   0.38   2.82   2.20
 1910   1.14   0.19  -1.89  -1.95  -1.09  -1.52  -0.38   2.37   1.53  -0.02  -0.74  -0.70
 1911  -0.63  -0.31  -2.12  -1.31  -1.32  -0.82  -0.19   1.58  -1.82   3.60  -0.10   0.79
 1912   0.05   0.29   0.52   0.62  -0.76  -1.16   0.49   1.75   2.13   0.45  -1.07  -0.35
 1913  -0.64   1.13  -0.10   4.20   5.86  -0.40   0.42  -1.32  -1.09  -1.16  -1.30  -0.89
 1914  -0.50  -0.44  -1.73  -0.19  -0.69   0.40  -1.21  -0.13   2.66  -1.24  -1.63   0.00
 1915  -0.35   4.19  -0.02   0.09   4.19   1.39   7.76   0.56   2.96   1.65   0.90   1.11
 1916   2.02   0.63  -0.10   2.25   1.89   1.75   1.50   0.66   1.87  -0.13  -0.01   0.45
 1917   2.15   0.79   1.35   3.00   1.86   1.03   0.12   1.03  -0.38  -0.73  -0.60   0.48
 1918   1.29   0.45  -1.35  -0.12   3.95  -0.09  -0.24   1.98  -0.44   0.84   1.76   1.21
 1919   0.05   3.50   0.12   1.87   0.88   0.89   0.42  -0.41  -0.18   0.92   2.78  -0.04
 1920  -0.27   0.30   0.76   7.25   3.16   1.23   0.16  -0.02  -0.69   1.15   0.39   1.02
 1921  -0.07   0.05  -1.56  -1.33   0.91  -1.71   2.34   0.06   0.08  -0.09  -0.43  -0.45
 1922   1.09   0.43  -1.31   0.46  -0.53  -0.59   1.12  -1.46  -2.29  -1.21   1.54  -0.98
 1923  -0.01  -1.00  -0.61   1.04   0.87   0.66   0.50   8.01   4.58   0.23   0.04   1.01
 1924   0.49   1.95   1.39  -0.28  -0.13   2.53   0.82   1.64   0.84  -0.84  -0.83   2.60
 1925   1.28   0.39  -0.98   0.25  -1.54   0.68  -1.15  -2.05  -0.17  -0.30  -0.81  -0.31
 1926   0.29  -1.07  -1.73  -2.42  -2.24  -2.50  -2.01   0.98   2.13  -0.83   1.19  -0.41
 1927  -0.86   1.78   1.49   4.53   2.35  -0.33   1.29   2.35   0.58  -0.99   0.07  -0.04
 1928  -0.65   2.43   0.78  -1.19   1.53  -0.28   1.22  -0.53  -0.66   2.27   1.04  -0.42
 1929   0.68   1.23  -0.87   2.40   2.55   1.46   1.08   0.38   1.33   1.61   0.57   0.09
 1930   0.94  -0.44  -0.74   0.16   2.00   0.48  -1.62   0.74   0.40   1.75   1.80  -0.13
 1931  -0.01   0.04  -0.13   0.13  -0.67  -1.85  -1.51  -2.46  -1.79  -1.04   2.23   0.06
 1932   2.10   0.68  -0.57  -1.34   2.52   0.15  -0.35   0.51  -0.56  -0.34  -0.78  -0.44
 1933  -0.77   0.13   0.70  -0.91  -0.48  -2.34   3.07   0.20  -1.08  -1.70  -1.33   0.11
 1934  -0.49  -0.67   0.10  -1.98  -3.93   0.33  -1.16  -2.68   1.66  -1.52  -0.17  -0.30
 1935   0.39   0.29  -1.60   2.99   0.29   0.11  -0.77   1.50  -1.36  -1.19  -0.02   0.19
 1936   3.87   2.86  -0.14  -0.39  -0.25  -1.65  -3.22  -3.65   1.80  -1.24  -1.15   0.75
 1937   1.68  -0.30  -0.19   0.41  -1.00  -0.91  -1.50   1.15  -1.68   1.90  -0.53  -0.57
 1938   0.84   1.79  -0.79  -0.52   0.77  -1.46   2.25  -1.73   4.66  -1.38   1.89  -0.47
 1939   1.39   2.39   0.96   0.19  -0.90   1.14  -0.47   0.55  -2.49  -1.43  -1.64  -0.69
 1940  -0.27   0.12   0.93   1.94  -2.13  -0.23  -0.18  -0.78  -2.66  -0.01   1.51   0.88
 1941   2.51   2.99  -0.24   3.83  -1.53   1.03  -0.73  -1.80   1.29   0.19  -0.82   0.02
 1942  -0.12   1.60   0.69  -1.76   1.02   1.56   0.75  -0.46   1.72  -0.65  -0.45  -0.54
 1943   0.62   0.07   0.40  -0.78  -0.73   0.05  -0.29  -1.86  -2.24  -0.00  -0.42  -1.33
 1944   1.53   1.39  -0.60   1.82   2.69   0.51   3.75   7.55   0.28  -0.28   1.10   0.41
 1945   1.47   1.45  -0.14   0.94   1.60   0.44  -0.19   1.63  -0.83  -1.58  -0.52   1.41
 1946  -0.45  -0.10  -0.35  -2.24   0.29  -1.51  -2.08  -1.18   1.57   1.74   2.20  -0.12
 1947   1.47  -0.16  -0.55   0.71   0.83   1.13   0.09  -0.89  -1.13   0.72   1.47   0.29
 1948  -0.53   2.02  -0.73  -0.80  -1.96   1.08   0.40   0.39  -1.90  -0.04   2.08   0.75
 1949   3.28  -0.33   2.97  -0.35   0.90  -0.90   1.63  -1.09   4.31   0.04  -1.11  -0.25
 1950   0.14   1.25   0.30   0.01   2.06   2.06   1.78   0.93  -0.36  -0.19   0.06  -0.68
 1951  -0.63   1.16   1.71   4.87   1.10   2.65   1.28   6.35   3.37   2.16   0.61   0.92
 1952   1.65   1.34   1.30   0.01   1.89  -1.74  -0.13   1.37  -1.86  -1.51  -0.37   0.06
 1953  -0.23   1.89  -0.78   3.44   2.42  -0.42   1.72   1.20  -0.73  -1.34   0.23   1.30
 1954  -0.69   1.51   0.15   0.40   0.93   1.33   0.02   1.78  -0.34   0.87  -1.00  -0.39
 1955  -0.38   0.75  -0.97  -1.19  -2.37   0.62  -2.30  -3.88  -2.27  -1.87  -1.35  -0.10
 1956  -0.73  -1.02  -2.20  -0.70  -1.63  -3.03   0.19  -1.80  -2.44  -1.99  -0.86  -1.23
 1957  -1.03  -1.16  -0.50  -1.00   1.20  -0.17  -0.32  -0.91   0.40   0.28   0.99  -1.06
 1958  -0.59   1.29  -0.55   2.19  -1.67  -1.52   2.08  -2.21  -2.26  -2.23  -0.96  -1.35
 1959  -0.85  -0.26  -0.13  -1.06   2.86  -1.01  -0.87   0.01  -1.21   1.44   3.63   1.06
 1960   0.93   0.28   1.36   1.37   4.28   0.36  -0.04   5.21  -0.33  -0.18   0.40   0.06
 1961   0.07   0.52   0.12  -0.26   0.68  -1.22   0.91  -1.21   0.00  -0.83  -0.39   0.03
 1962  -0.86   1.60   1.20  -0.11   2.51   3.39   2.37   0.83   2.79  -0.48  -0.98   0.08
 1963   0.48  -0.13  -0.70  -0.33  -0.77   2.65   3.90   1.65  -0.23  -1.30  -1.18  -0.75
 1964  -0.07  -0.45   0.14   1.24  -0.75  -0.31   0.88   4.29   1.42  -0.80  -0.30   0.28
 1965  -0.53   1.21  -0.61   0.14   1.59   0.34   0.14   0.43   5.13  -0.47  -0.48   0.14
 1966   0.06   1.05  -0.30  -0.08  -1.67   0.85  -0.03   2.52  -0.05   0.16  -0.84  -0.05
 1967   0.03  -0.85  -2.16  -1.35   0.01   4.50  -0.32   0.91  -1.69  -0.58  -1.09  -0.62
 1968  -0.09  -1.03  -2.12   0.43  -2.04  -2.21  -2.43   0.13  -0.38   4.72  -0.05   2.50
 1969   1.75   1.43   0.36  -1.28  -0.60   1.74   2.31   0.32   0.26   2.24  -0.48   0.69
 1970  -0.30  -0.40   0.45   0.88   0.95  -0.13  -1.44  -1.54  -0.05   1.49   1.56   0.43
 1971  -0.26   2.86  -0.33  -0.73  -0.93   2.83   0.51  -1.82  -1.46   1.26   1.18   0.32
 1972  -0.39   0.13  -1.25  -0.01   3.69   0.75   2.56   0.12  -0.53   0.41   0.52   1.18
 1973   1.16   0.40   3.72   0.84   1.43  -0.74   0.35  -2.69   3.42  -0.76   0.78   0.23
 1974  -0.52  -0.67  -1.09  -1.18  -1.35  -0.81  -2.51   0.06  -0.96  -1.40  -1.37  -1.08
 1975   0.39  -1.14  -0.85  -0.08  -1.84  -0.03  -2.58  -0.38  -1.61  -1.99   2.45  -1.11
 1976  -0.55  -0.89  -0.59  -0.69  -1.75  -2.31  -1.45  -2.00  -1.74  -1.38  -1.37  -1.39
 1977  -1.23  -0.80   0.01   0.59  -0.83  -1.89  -1.44  -0.50   0.37   0.22   0.12   0.27
 1978  -0.80   0.74  -1.56   1.11   0.00  -2.21   3.52  -0.29  -2.39  -1.29  -0.50  -0.22
 1979   1.15  -0.65   2.72   0.38   2.80   0.52   2.84   2.05   1.10   1.93   3.36   0.27
 1980   0.60   0.24  -0.02  -0.35  -0.41  -1.58  -2.22   3.76  -1.18  -0.29  -1.52  -0.93
 1981  -1.17  -0.42  -0.88  -3.61  -1.87  -1.44   0.74  -1.10  -2.07  -1.24  -0.81   0.86
 1982   1.06  -0.96  -0.99  -0.96   2.84  -0.42  -0.54  -1.46  -0.32   1.97   2.48   3.22
 1983   1.40   0.84   3.36   1.74   0.03   2.66  -0.57  -1.72  -0.39  -0.50   2.03  -0.86
 1984  -0.32   0.42   2.47   4.91   0.43   2.16   0.16  -1.58  -1.01   3.37  -0.37  -0.14
 1985  -0.28   0.25   1.10   2.21  -1.14   0.71  -1.18   2.82   2.33  -0.17   0.34  -0.39
 1986  -0.23   0.31  -0.02   1.43   2.56   1.00   0.36   0.42   3.03   1.99  -0.10   0.01
 1987   0.09  -0.27   3.97  -1.45  -1.02   0.08   1.19  -0.26   0.43  -1.18   0.28   0.88
 1988   0.88  -0.42  -1.67   1.36  -0.17  -2.78  -0.71   0.34  -0.13  -1.53  -0.50  -1.32
 1989  -0.35  -0.69  -1.33  -1.95  -2.67  -2.13  -2.11  -1.31  -0.44  -1.90  -1.13  -0.90
 1990  -0.50  -1.30  -1.64  -1.50   1.94  -2.10  -1.46  -1.21  -2.06  -0.13  -0.48  -0.75
 1991  -0.59  -1.13  -1.46   0.33   0.39   0.25  -1.29  -1.97  -1.40  -0.25   1.97  -0.43
 1992   0.23   0.90   1.39  -0.11  -0.84   0.72   2.28   5.69   2.56   5.28   2.15   1.96
 1993   0.70   1.76   0.10   3.08   2.93   0.98   4.86   3.05   1.09   0.52   1.96   0.63
 1994   1.53   1.51  -0.94   0.88  -1.76   0.70   1.29   0.45   1.71  -0.47  -0.29   0.44
 1995  -0.33  -0.65   3.25   4.32   3.92  -0.96  -0.28   2.06   0.80   3.12   1.19  -0.24
 1996   0.78  -0.23  -0.10  -0.68   0.74  -0.47   2.99   1.21   1.25   0.02   4.35   1.27
 1997   1.01   1.49  -0.38   1.44   3.61  -1.01   2.79  -0.20   2.25   3.17  -0.21   0.49
 1998   0.55  -0.08   2.15   4.16  -0.06   1.60   0.77   0.91  -1.75   2.93   2.86   0.25
 1999   0.36   1.24  -0.31   3.94   2.56   4.55   8.07  -0.73  -1.58  -0.85  -1.52  -1.12
 2000  -1.00   0.80  -1.59  -0.45   0.34   0.08  -1.12   0.36  -1.53   0.64   3.15  -0.67
 2001   2.07  -0.20  -0.76   1.16   0.61  -1.83   3.69  -0.28   1.47   0.46   3.83  -0.39
 2002  -0.17   0.16  -0.85  -0.42  -0.34  -1.88  -2.54   1.97  -1.60   1.44  -0.91  -0.98
 2003  -0.30  -0.58  -0.55   0.43 -99.00 -99.00 -99.00 -99.00 -99.00 -99.00 -99.00 -99.00
