1893 1 0.598655
1893 5 0.822762
1893 9 1.909284
1893 13 0.175475
1893 17 3.123808
1893 21 -2.435172
1893 25 -1.008613
1893 29 -1.078955
1893 33 0.261767
1893 37 0.035996
1893 41 -1.093191
1893 45 1.075251
1893 49 0.910201
1894 1 0.169586
1894 5 0.160251
1894 9 -1.116074
1894 13 1.325834
1894 17 0.523920
1894 21 -2.002125
1894 25 -2.447189
1894 29 -2.692474
1894 33 -1.728140
1894 37 -0.514110
1894 41 -1.263111
1894 45 -1.124399
1894 49 -0.112185
1895 1 -0.184552
1895 5 -0.615540
1895 9 -1.680475
1895 13 -0.002701
1895 17 -1.290955
1895 21 1.158950
1895 25 0.211649
1895 29 1.341983
1895 33 -0.102053
1895 37 1.756490
1895 41 -0.788357
1895 45 0.231259
1895 49 -0.666898
1896 1 -0.404326
1896 5 -0.547429
1896 9 -0.634766
1896 13 2.452248
1896 17 3.903336
1896 21 3.693348
1896 25 2.165961
1896 29 2.478400
1896 33 1.433115
1896 37 -0.049141
1896 41 2.446311
1896 45 3.724497
1896 49 0.217363
1897 1 2.488655
1897 5 0.412762
1897 9 2.039284
1897 13 3.543393
1897 17 -0.859407
1897 21 -0.347852
1897 25 1.913552
1897 29 1.467416
1897 33 -0.765873
1897 37 -1.634762
1897 41 0.576954
1897 45 0.648628
1897 49 1.779807
1898 1 0.835842
1898 5 0.697169
1898 9 0.312682
1898 13 0.266012
1898 17 3.270042
1898 21 3.344980
1898 25 0.535716
1898 29 3.596999
1898 33 -1.100174
1898 37 -0.694389
1898 41 1.334933
1898 45 0.324033
1898 49 -0.133615
1899 1 0.453106
1899 5 0.246177
1899 9 1.471405
1899 13 -0.513843
1899 17 2.773077
1899 21 2.249272
1899 25 4.711868
1899 29 -0.286017
1899 33 0.635349
1899 37 -1.049064
1899 41 -0.252695
1899 45 -0.262555
1899 49 0.425980
1900 1 -0.032357
1900 5 0.985183
1900 9 0.079820
1900 13 2.077928
1900 17 1.334353
1900 21 0.262183
1900 25 3.434751
1900 29 1.094468
1900 33 0.977141
1900 37 2.504758
1900 41 0.893016
1900 45 -0.012557
1900 49 0.731816
1901 1 0.202927
1901 5 0.948184
1901 9 1.187345
1901 13 1.106142
1901 17 0.633963
1901 21 0.877339
1901 25 -0.326181
1901 29 -0.211492
1901 33 2.030586
1901 37 5.573359
1901 41 1.891224
1901 45 -0.044441
1901 49 1.484806
1902 1 1.188655
1902 5 0.772762
1902 9 0.599723
1902 13 0.028630
1902 17 1.592790
1902 21 -1.892542
1902 25 2.764590
1902 29 0.262288
1902 33 2.320958
1902 37 3.615660
1902 41 -0.177726
1902 45 -0.154992
1902 49 1.912247
1903 1 -0.011345
1903 5 0.622762
1903 9 0.239284
1903 13 -1.040278
1903 17 1.968326
1903 21 3.947321
1903 25 3.850822
1903 29 3.354615
1903 33 1.873604
1903 37 1.426603
1903 41 0.376425
1903 45 0.213293
1903 49 0.099722
1904 1 0.398598
1904 5 0.702762
1904 9 -0.266193
1904 13 1.326790
1904 17 1.479071
1904 21 1.619589
1904 25 2.040586
1904 29 0.960490
1904 33 2.360190
1904 37 -0.742187
1904 41 3.053436
1904 45 -0.220084
1904 49 -0.052215
1905 1 1.381750
1905 5 1.192762
1905 9 0.783052
1905 13 -1.221813
1905 17 6.366878
1905 21 0.666671
1905 25 5.124689
1905 29 -0.228888
1905 33 1.168405
1905 37 2.436910
1905 41 1.129705
1905 45 3.528677
1905 49 -0.012637
1906 1 0.638655
1906 5 0.772762
1906 9 1.679284
1906 13 0.773990
1906 17 -0.265186
1906 21 -2.205138
1906 25 1.165335
1906 29 2.649689
1906 33 5.239771
1906 37 5.815231
1906 41 4.200636
1906 45 0.140900
1906 49 0.547363
1907 1 0.888655
1907 5 0.722762
1907 9 -0.467796
1907 13 -0.698375
1907 17 -0.215391
1907 21 4.639550
1907 25 2.322318
1907 29 2.147040
1907 33 0.423499
1907 37 0.427980
1907 41 -0.869658
1907 45 -0.642966
1907 49 0.583738
1908 1 -0.331055
1908 5 0.768166
1908 9 0.169887
1908 13 0.418502
1908 17 1.192299
1908 21 4.210617
1908 25 1.324601
1908 29 1.462762
1908 33 0.713880
1908 37 -0.718358
1908 41 1.595324
1908 45 1.561503
1908 49 0.296604
1909 1 0.460191
1909 5 1.778014
1909 9 0.179284
1909 13 0.102160
1909 17 0.123639
1909 21 2.955887
1909 25 4.774334
1909 29 2.141874
1909 33 1.766175
1909 37 0.851431
1909 41 0.563914
1909 45 2.775891
1909 49 0.737363
1910 1 0.688655
1910 5 0.122762
1910 9 -1.513280
1910 13 -1.863803
1910 17 -0.623572
1910 21 -1.668170
1910 25 -0.816749
1910 29 -1.039722
1910 33 3.740884
1910 37 1.481698
1910 41 -0.985686
1910 45 -0.527673
1910 49 -0.363653
1911 1 -0.324836
1911 5 -0.114458
1911 9 -2.059003
1911 13 -0.662748
1911 17 -1.250788
1911 21 -1.771641
1911 25 0.105749
1911 29 1.882970
1911 33 -0.058121
1911 37 1.669644
1911 41 0.987483
1911 45 -0.221561
1911 49 0.508190
1912 1 -0.053753
1912 5 0.197255
1912 9 0.594131
1912 13 0.155129
1912 17 -0.309538
1912 21 -0.855081
1912 25 -2.523805
1912 29 0.795424
1912 33 2.632355
1912 37 1.261212
1912 41 0.500733
1912 45 -0.896529
1912 49 -0.247833
1913 1 -0.432774
1913 5 0.728767
1913 9 0.011639
1913 13 1.391028
1913 17 8.153965
1913 21 -1.176698
1913 25 1.266028
1913 29 0.351359
1913 33 -2.444758
1913 37 -0.555878
1913 41 -1.046951
1913 45 -0.923961
1913 49 -0.689104
1914 1 -0.325309
1914 5 -0.331650
1914 9 -1.870832
1914 13 -1.079058
1914 17 0.814619
1914 21 0.830097
1914 25 -1.540023
1914 29 -0.085061
1914 33 -0.413606
1914 37 2.349051
1914 41 -1.342023
1914 45 -1.185770
1914 49 0.077209
1915 1 -0.352560
1915 5 3.033685
1915 9 0.206600
1915 13 -0.796763
1915 17 0.696898
1915 21 5.791701
1915 25 7.715651
1915 29 2.350575
1915 33 0.033615
1915 37 4.613466
1915 41 0.088509
1915 45 0.773194
1915 49 0.716574
1916 1 1.208655
1916 5 0.222762
1916 9 0.446970
1916 13 1.661234
1916 17 0.725847
1916 21 0.980641
1916 25 4.294327
1916 29 1.044181
1916 33 -0.125460
1916 37 1.535074
1916 41 -0.015596
1916 45 0.127841
1916 49 0.384807
1917 1 1.126027
1917 5 0.778660
1917 9 1.649964
1917 13 1.706595
1917 17 0.353100
1917 21 3.443378
1917 25 0.734023
1917 29 1.421310
1917 33 -1.139304
1917 37 -0.328538
1917 41 -0.666056
1917 45 -0.457723
1917 49 0.337720
1918 1 0.701801
1918 5 0.342291
1918 9 -1.188234
1918 13 -0.606247
1918 17 -0.138863
1918 21 5.133092
1918 25 -0.588293
1918 29 1.371901
1918 33 0.579141
1918 37 -1.267636
1918 41 1.006928
1918 45 1.497615
1918 49 0.881657
1919 1 0.082886
1919 5 2.096272
1919 9 0.819284
1919 13 1.401119
1919 17 0.951927
1919 21 0.271203
1919 25 1.328272
1919 29 -0.247203
1919 33 0.053805
1919 37 -0.432414
1919 41 0.560288
1919 45 2.380846
1919 49 -0.195646
1920 1 -0.174315
1920 5 0.201275
1920 9 0.219705
1920 13 4.497322
1920 17 3.202144
1920 21 2.738946
1920 25 1.911898
1920 29 -0.513689
1920 33 0.404565
1920 37 -0.972061
1920 41 1.554052
1920 45 0.316598
1920 49 0.795729
1921 1 -0.016209
1921 5 0.178489
1921 9 -1.663722
1921 13 -1.221682
1921 17 1.107703
1921 21 -0.269735
1921 25 -0.912022
1921 29 1.662749
1921 33 1.402775
1921 37 -0.910699
1921 41 0.043281
1921 45 -0.290567
1921 49 -0.224710
1922 1 -0.057643
1922 5 1.027936
1922 9 -1.053396
1922 13 1.008489
1922 17 -1.066227
1922 21 0.437716
1922 25 -1.184953
1922 29 0.838125
1922 33 -1.425342
1922 37 -1.223905
1922 41 -0.549717
1922 45 0.264359
1922 49 -0.699139
1923 1 -0.042172
1923 5 -0.765356
1923 9 -0.548682
1923 13 0.042831
1923 17 1.785186
1923 21 -0.179424
1923 25 1.629558
1923 29 5.311878
1923 33 2.295139
1923 37 4.562393
1923 41 0.356403
1923 45 0.136444
1923 49 0.713968
1924 1 0.238655
1924 5 1.382762
1924 9 0.229284
1924 13 0.050478
1924 17 0.946918
1924 21 1.058783
1924 25 2.207181
1924 29 3.338301
1924 33 -0.366158
1924 37 0.847897
1924 41 -0.625043
1924 45 -0.487511
1924 49 1.874110
1925 1 0.864105
1925 5 0.390560
1925 9 -0.324109
1925 13 -0.637719
1925 17 0.225904
1925 21 0.314605
1925 25 -0.335472
1925 29 -1.445210
1925 33 -0.905164
1925 37 -0.287716
1925 41 -0.314181
1925 45 -1.002390
1925 49 -0.130390
1926 1 -0.336731
1926 5 -0.202382
1926 9 -1.751904
1926 13 -1.775099
1926 17 -1.011648
1926 21 -3.791506
1926 25 -3.745445
1926 29 -0.711592
1926 33 3.253681
1926 37 0.954372
1926 41 -1.118594
1926 45 0.891940
1926 49 -0.202782
1927 1 -0.513504
1927 5 1.282028
1927 9 1.789599
1927 13 4.500306
1927 17 0.302519
1927 21 2.510329
1927 25 0.432686
1927 29 0.328568
1927 33 2.071500
1927 37 0.128644
1927 41 -0.482089
1927 45 -0.444702
1927 49 -0.031583
1928 1 -0.441799
1928 5 1.628018
1928 9 -0.067962
1928 13 -0.181700
1928 17 1.775520
1928 21 -0.469267
1928 25 0.090357
1928 29 -0.174489
1928 33 -0.602795
1928 37 -0.435499
1928 41 3.665571
1928 45 -0.045174
1928 49 -0.322610
1929 1 0.344375
1929 5 0.673823
1929 9 -0.763767
1929 13 0.361819
1929 17 1.633625
1929 21 3.460754
1929 25 2.886767
1929 29 1.059526
1929 33 1.741399
1929 37 -0.262468
1929 41 1.168549
1929 45 0.567388
1929 49 0.103922
1930 1 0.626182
1930 5 -0.187238
1930 9 -0.537863
1930 13 0.238064
1930 17 3.561458
1930 21 0.449756
1930 25 -1.668934
1930 29 -2.271947
1930 33 2.381584
1930 37 0.970220
1930 41 0.362211
1930 45 1.459304
1930 49 -0.110898
1931 1 -0.039130
1931 5 -0.001862
1931 9 -0.995638
1931 13 1.132759
1931 17 0.078343
1931 21 -2.130803
1931 25 -1.383077
1931 29 -3.214322
1931 33 -2.453130
1931 37 -1.002335
1931 41 -1.085751
1931 45 1.859312
1931 49 0.095369
1932 1 1.046947
1932 5 0.610466
1932 9 -0.442025
1932 13 -1.880055
1932 17 1.515225
1932 21 2.731324
1932 25 -0.979999
1932 29 0.914676
1932 33 -1.332964
1932 37 0.032178
1932 41 -0.285060
1932 45 -0.693422
1932 49 -0.249095
1933 1 -0.614910
1933 5 0.248944
1933 9 0.487007
1933 13 -1.292423
1933 17 0.528066
1933 21 -3.223630
1933 25 3.012949
1933 29 0.660237
1933 33 -0.935955
1933 37 -0.959248
1933 41 -1.543210
1933 45 -0.187696
1933 49 -0.648188
1934 1 -0.309134
1934 5 -0.465082
1934 9 -0.695955
1934 13 -0.244428
1934 17 -3.132310
1934 21 0.660279
1934 25 -0.913235
1934 29 -3.022366
1934 33 -1.387515
1934 37 0.717065
1934 41 -1.526753
1934 45 0.145955
1934 49 -0.345199
1935 1 0.221273
1935 5 0.206196
1935 9 -1.871077
1935 13 0.975422
1935 17 2.567509
1935 21 -1.505333
1935 25 0.261623
1935 29 0.168010
1935 33 1.599315
1935 37 -1.945737
1935 41 -0.960381
1935 45 -0.045293
1935 49 0.216505
1936 1 2.323420
1936 5 1.965268
1936 9 -0.701131
1936 13 0.570200
1936 17 -0.608987
1936 21 -0.302136
1936 25 -3.508520
1936 29 -4.333809
1936 33 -1.835521
1936 37 1.356397
1936 41 -0.747261
1936 45 -1.074200
1936 49 0.590041
1937 1 0.965009
1937 5 -0.128475
1937 9 0.085967
1937 13 -1.327997
1937 17 0.610532
1937 21 -1.841426
1937 25 -1.418266
1937 29 -1.345476
1937 33 1.262380
1937 37 0.620220
1937 41 0.459723
1937 45 -0.474939
1937 49 -0.425419
1938 1 0.299845
1938 5 1.301729
1938 9 -0.732321
1938 13 -0.487330
1938 17 1.217917
1938 21 -2.262095
1938 25 0.471919
1938 29 0.738532
1938 33 0.748826
1938 37 1.983016
1938 41 0.497554
1938 45 -0.284110
1938 49 -0.475929
1939 1 0.693073
1939 5 1.361246
1939 9 -0.477092
1939 13 1.570438
1939 17 -1.264596
1939 21 -0.981503
1939 25 1.800212
1939 29 1.248715
1939 33 -1.979863
1939 37 -2.384368
1939 41 -1.139251
1939 45 -1.398874
1939 49 -0.478460
1940 1 -0.184745
1940 5 0.061840
1940 9 0.529835
1940 13 0.032820
1940 17 0.237227
1940 21 -0.286304
1940 25 -1.854436
1940 29 -0.226375
1940 33 -1.320755
1940 37 -0.944220
1940 41 -1.206597
1940 45 1.174804
1940 49 0.614142
1941 1 1.477189
1941 5 1.928527
1941 9 -0.013895
1941 13 3.561481
1941 17 -1.512097
1941 21 -0.670319
1941 25 1.639192
1941 29 -2.812042
1941 33 -0.301428
1941 37 1.543461
1941 41 -0.513863
1941 45 -0.733035
1941 49 0.017328
1942 1 -0.110415
1942 5 1.013530
1942 9 0.239857
1942 13 -1.014728
1942 17 2.349278
1942 21 -1.685649
1942 25 2.529338
1942 29 0.299219
1942 33 1.054268
1942 37 0.288410
1942 41 -0.897325
1942 45 -0.166142
1942 49 -0.354576
1943 1 0.050103
1943 5 0.405142
1943 9 0.670933
1943 13 -0.857704
1943 17 -0.778463
1943 21 0.815852
1943 25 -1.727609
1943 29 -1.095791
1943 33 -1.399340
1943 37 -2.008642
1943 41 0.168932
1943 45 -0.289564
1943 49 -0.855389
1944 1 0.752213
1944 5 0.880347
1944 9 -0.582210
1944 13 -0.258083
1944 17 5.579462
1944 21 1.621332
1944 25 3.689127
1944 29 2.746565
1944 33 3.405673
1944 37 1.153922
1944 41 -0.607170
1944 45 1.061117
1944 49 0.392089
1945 1 0.723872
1945 5 1.242762
1945 9 0.363889
1945 13 0.446287
1945 17 0.325930
1945 21 2.275587
1945 25 -0.017435
1945 29 -0.201426
1945 33 0.185424
1945 37 -0.462923
1945 41 -1.554811
1945 45 0.406377
1945 49 0.247541
1946 1 -0.448981
1946 5 0.021306
1946 9 0.109127
1946 13 -1.996764
1946 17 -0.437980
1946 21 -2.031131
1946 25 -1.367747
1946 29 -1.767463
1946 33 1.181994
1946 37 1.625248
1946 41 -0.462822
1946 45 1.661248
1946 49 -0.173111
1947 1 -0.017791
1947 5 0.444468
1947 9 -0.876869
1947 13 0.728989
1947 17 -0.175746
1947 21 2.197778
1947 25 0.602834
1947 29 -1.856592
1947 33 -1.275129
1947 37 -0.752256
1947 41 1.251016
1947 45 0.795151
1947 49 0.220228
1948 1 -0.337590
1948 5 0.523124
1948 9 -0.101145
1948 13 -1.188328
1948 17 -0.952656
1948 21 -1.123609
1948 25 0.748652
1948 29 2.706436
1948 33 -1.711048
1948 37 -0.708427
1948 41 -0.911901
1948 45 1.654219
1948 49 0.533008
1949 1 1.945002
1949 5 -0.242815
1949 9 0.186574
1949 13 2.877327
1949 17 -1.189481
1949 21 0.638118
1949 25 0.409201
1949 29 -0.262002
1949 33 1.176403
1949 37 2.521361
1949 41 -0.142148
1949 45 -0.907147
1949 49 -0.230828
1950 1 -0.006444
1950 5 0.798828
1950 9 0.000947
1950 13 -0.679141
1950 17 2.575311
1950 21 0.468091
1950 25 3.034810
1950 29 2.605969
1950 33 -0.542311
1950 37 1.298716
1950 41 -0.532366
1950 45 -0.332296
1950 49 -0.382890
1951 1 -0.335653
1951 5 -0.050702
1951 9 2.408705
1951 13 1.941036
1951 17 3.541975
1951 21 -0.634806
1951 25 6.841105
1951 29 -0.361351
1951 33 7.090420
1951 37 2.081482
1951 41 1.623410
1951 45 0.470236
1951 49 0.607363
1952 1 0.988655
1952 5 0.882762
1952 9 1.469284
1952 13 0.235733
1952 17 -0.372577
1952 21 -0.003483
1952 25 0.240479
1952 29 0.312615
1952 33 -0.281787
1952 37 -1.332137
1952 41 -1.494383
1952 45 -0.131288
1952 49 0.155928
1953 1 -0.089824
1953 5 1.377211
1953 9 -0.637232
1953 13 1.653495
1953 17 4.260651
1953 21 0.524917
1953 25 -1.444179
1953 29 3.350989
1953 33 0.294732
1953 37 -1.825339
1953 41 -1.359187
1953 45 0.243994
1953 49 0.872421
1954 1 -0.461768
1954 5 1.114962
1954 9 -0.129475
1954 13 -0.078831
1954 17 0.806121
1954 21 1.032132
1954 25 1.324302
1954 29 0.383476
1954 33 2.214386
1954 37 -0.472388
1954 41 0.418939
1954 45 -0.479305
1954 49 -0.488040
1955 1 -0.205136
1955 5 0.567875
1955 9 -0.800323
1955 13 -1.669435
1955 17 -2.042950
1955 21 -0.554791
1955 25 0.087355
1955 29 -3.506914
1955 33 -3.161761
1955 37 -1.576238
1955 41 -1.863856
1955 45 -1.138019
1955 49 0.016295
1956 1 -0.456043
1956 5 -0.784046
1956 9 -2.191579
1956 13 -1.245516
1956 17 -0.358832
1956 21 -3.945245
1956 25 0.080258
1956 29 -1.329688
1956 33 -2.373096
1956 37 -2.292365
1956 41 -1.624862
1956 45 -0.800888
1956 49 -0.822330
1957 1 -0.669934
1957 5 -0.833381
1957 9 -0.219250
1957 13 -0.556297
1957 17 2.092354
1957 21 -1.252742
1957 25 1.336452
1957 29 -1.107404
1957 33 -1.117147
1957 37 0.922147
1957 41 0.637559
1957 45 0.082292
1957 49 -0.681825
1958 1 -0.470652
1958 5 -0.456793
1958 9 0.746743
1958 13 0.442341
1958 17 -0.215822
1958 21 -1.645591
1958 25 0.289329
1958 29 -0.061498
1958 33 -2.128936
1958 37 -2.108565
1958 41 -2.077296
1958 45 -0.698425
1958 49 -0.883965
1959 1 -0.525562
1959 5 -0.136776
1959 9 -1.425786
1959 13 0.934503
1959 17 0.289135
1959 21 -0.631439
1959 25 -0.116233
1959 29 0.412103
1959 33 -1.229391
1959 37 -0.113188
1959 41 1.323948
1959 45 2.374133
1959 49 0.690759
1960 1 0.529675
1960 5 0.146977
1960 9 1.040521
1960 13 0.727787
1960 17 4.980792
1960 21 0.664316
1960 25 0.903805
1960 29 -1.276275
1960 33 5.652995
1960 37 -0.723906
1960 41 0.243050
1960 45 0.269648
1960 49 0.122273
1961 1 0.098106
1961 5 0.421810
1961 9 0.495013
1961 13 -0.247998
1961 17 1.170342
1961 21 -0.648209
1961 25 -0.898331
1961 29 -0.305728
1961 33 -0.908886
1961 37 0.009966
1961 41 -0.190994
1961 45 -0.724592
1961 49 0.046507
1962 1 -0.566199
1962 5 0.999916
1962 9 1.238385
1962 13 -0.654070
1962 17 1.211240
1962 21 7.726536
1962 25 0.244134
1962 29 1.896345
1962 33 2.046167
1962 37 0.423346
1962 41 -1.096260
1962 45 -1.013520
1962 49 -0.043953
1963 1 0.185340
1963 5 -0.264387
1963 9 -0.416532
1963 13 -2.148689
1963 17 -0.086170
1963 21 3.350860
1963 25 3.075073
1963 29 2.910152
1963 33 0.339272
1963 37 -0.982702
1963 41 -1.267722
1963 45 -0.961198
1963 49 -0.545104
1964 1 -0.079148
1964 5 -0.409278
1964 9 0.261893
1964 13 -0.366419
1964 17 1.400442
1964 21 -0.816256
1964 25 1.585966
1964 29 1.228909
1964 33 3.900751
1964 37 -0.328604
1964 41 -1.167356
1964 45 -0.046246
1964 49 0.123654
1965 1 -0.337025
1965 5 0.832987
1965 9 -0.503065
1965 13 -0.187977
1965 17 0.382223
1965 21 2.277010
1965 25 0.678965
1965 29 -0.764158
1965 33 1.338109
1965 37 3.911049
1965 41 -0.417610
1965 45 -0.351659
1965 49 0.106342
1966 1 0.037102
1966 5 0.705282
1966 9 -0.019113
1966 13 -0.406367
1966 17 -1.300218
1966 21 0.156023
1966 25 0.736233
1966 29 0.407235
1966 33 2.447809
1966 37 -1.016306
1966 41 0.430200
1966 45 -0.598108
1966 49 0.066811
1967 1 0.071365
1967 5 -0.556427
1967 9 -1.731243
1967 13 -1.384590
1967 17 -1.361239
1967 21 4.734896
1967 25 2.735935
1967 29 0.370349
1967 33 0.090126
1967 37 -1.088904
1967 41 -0.466891
1967 45 -0.893815
1967 49 -0.301629
1968 1 0.027768
1968 5 -0.637698
1968 9 -1.878013
1968 13 0.595110
1968 17 -1.835444
1968 21 -3.781168
1968 25 -1.406487
1968 29 -1.706780
1968 33 0.398933
1968 37 -0.410321
1968 41 4.768561
1968 45 0.111032
1968 49 1.774868
1969 1 1.120613
1969 5 0.607056
1969 9 1.029284
1969 13 -1.041390
1969 17 -0.288711
1969 21 -1.077919
1969 25 4.444659
1969 29 0.704644
1969 33 0.412689
1969 37 0.790963
1969 41 1.915671
1969 45 -0.546787
1969 49 0.515527
1970 1 -0.152140
1970 5 -0.257613
1970 9 0.596353
1970 13 1.412399
1970 17 -0.286281
1970 21 1.418256
1970 25 -1.781719
1970 29 -1.541403
1970 33 -1.989786
1970 37 0.099345
1970 41 2.378536
1970 45 0.703370
1970 49 0.365632
1971 1 -0.143946
1971 5 1.851410
1971 9 0.202127
1971 13 -1.014796
1971 17 -0.657371
1971 21 5.772244
1971 25 -0.533390
1971 29 -1.902769
1971 33 -2.511047
1971 37 -1.028290
1971 41 1.111370
1971 45 0.944643
1971 49 0.183563
1972 1 -0.298018
1972 5 0.032529
1972 9 -1.372998
1972 13 -0.743234
1972 17 3.925317
1972 21 2.635023
1972 25 -0.763033
1972 29 2.275422
1972 33 -0.213642
1972 37 -0.370106
1972 41 0.965480
1972 45 -0.433004
1972 49 0.766565
1973 1 0.657746
1973 5 0.227034
1973 9 2.375203
1973 13 2.315637
1973 17 -1.472767
1973 21 1.249488
1973 25 -0.269924
1973 29 -0.651267
1973 33 -0.138919
1973 37 1.499184
1973 41 -0.482595
1973 45 0.555692
1973 49 0.168315
1974 1 -0.345861
1974 5 -0.510392
1974 9 -0.922596
1974 13 -0.781171
1974 17 -1.446658
1974 21 -0.991068
1974 25 -2.407486
1974 29 -0.616358
1974 33 -0.560847
1974 37 -1.359401
1974 41 -1.323205
1974 45 -1.036208
1974 49 -0.679648
1975 1 0.251450
1975 5 -0.785435
1975 9 -1.101392
1975 13 0.619837
1975 17 -1.606405
1975 21 -1.324963
1975 25 -0.972483
1975 29 -2.619460
1975 33 0.226970
1975 37 -1.487335
1975 41 -1.859520
1975 45 2.130424
1975 49 -0.702395
1976 1 -0.343033
1976 5 -0.507299
1976 9 -1.233520
1976 13 -1.204339
1976 17 -0.882057
1976 21 -3.746507
1976 25 -1.083986
1976 29 -2.150731
1976 33 -1.380458
1976 37 -1.566952
1976 41 -1.266278
1976 45 -1.171396
1976 49 -0.932293
1977 1 -0.792323
1977 5 -0.559969
1977 9 -0.443709
1977 13 1.911852
1977 17 -2.348936
1977 21 -1.191777
1977 25 -2.279067
1977 29 0.504429
1977 33 -0.062605
1977 37 0.546004
1977 41 -0.919820
1977 45 0.134826
1977 49 0.223154
1978 1 -0.515121
1978 5 0.515408
1978 9 -1.421632
1978 13 -0.026312
1978 17 -0.178901
1978 21 -1.781799
1978 25 0.161591
1978 29 1.863630
1978 33 -1.030428
1978 37 -1.764107
1978 41 -1.455138
1978 45 -0.378019
1978 49 -0.118457
1979 1 0.666143
1979 5 -0.480279
1979 9 2.886893
1979 13 -0.158883
1979 17 3.426856
1979 21 0.083129
1979 25 -0.118892
1979 29 2.850423
1979 33 2.529381
1979 37 0.444232
1979 41 2.079447
1979 45 2.618019
1979 49 0.171611
1980 1 0.178655
1980 5 0.342762
1980 9 -0.317375
1980 13 0.420204
1980 17 -0.507467
1980 21 -1.934539
1980 25 -2.588442
1980 29 2.814453
1980 33 -0.778605
1980 37 -1.158198
1980 41 -0.150494
1980 45 -0.896632
1980 49 -0.779486
1981 1 -0.766259
1981 5 -0.552589
1981 9 -2.402672
1981 13 -1.100950
1981 17 -1.412209
1981 21 -2.886420
1981 25 -3.014077
1981 29 1.869033
1981 33 -1.284642
1981 37 -1.832722
1981 41 -0.713481
1981 45 0.090397
1981 49 -0.616296
1982 1 0.551809
1982 5 -0.786494
1982 9 -0.973440
1982 13 -0.832584
1982 17 1.258350
1982 21 0.276999
1982 25 -0.121113
1982 29 -1.224481
1982 33 -1.594505
1982 37 0.376201
1982 41 1.444246
1982 45 1.867024
1982 49 2.108428
1983 1 0.766016
1983 5 0.541674
1983 9 2.600759
1983 13 2.270681
1983 17 1.101743
1983 21 -0.272961
1983 25 2.055715
1983 29 -0.307723
1983 33 -1.992369
1983 37 0.315599
1983 41 -0.399590
1983 45 1.513778
1983 49 -0.535878
1984 1 -0.262244
1984 5 0.435821
1984 9 2.789078
1984 13 2.956409
1984 17 1.460412
1984 21 0.298334
1984 25 3.263321
1984 29 -0.954362
1984 33 -0.845522
1984 37 0.417043
1984 41 2.217918
1984 45 -0.218178
1984 49 -0.007990
1985 1 -0.115942
1985 5 0.248375
1985 9 -0.382826
1985 13 2.902198
1985 17 0.174791
1985 21 -2.672998
1985 25 1.769005
1985 29 0.567970
1985 33 1.052416
1985 37 2.699999
1985 41 -0.116700
1985 45 0.431484
1985 49 -0.204351
1986 1 -0.056352
1986 5 0.329212
1986 9 0.757450
1986 13 0.866101
1986 17 2.297838
1986 21 1.020280
1986 25 0.784731
1986 29 0.021644
1986 33 0.505696
1986 37 5.019315
1986 41 0.378168
1986 45 0.009745
1986 49 0.102401
1987 1 0.126761
1987 5 -0.147636
1987 9 3.875037
1987 13 -0.296359
1987 17 -1.930163
1987 21 -0.629143
1987 25 1.114436
1987 29 0.527650
1987 33 -0.158598
1987 37 0.565518
1987 41 -0.994593
1987 45 0.285288
1987 49 0.656890
1988 1 0.554508
1988 5 -0.265140
1988 9 -1.367034
1988 13 0.426616
1988 17 -1.153147
1988 21 -1.003120
1988 25 -1.027122
1988 29 -1.160301
1988 33 -0.453810
1988 37 0.499050
1988 41 -1.527513
1988 45 -0.318501
1988 49 -0.850309
1989 1 -0.193195
1989 5 -0.445804
1989 9 -1.084974
1989 13 -2.156743
1989 17 -1.812062
1989 21 -4.580360
1989 25 -1.270858
1989 29 -2.767792
1989 33 1.494679
1989 37 -2.067190
1989 41 -1.800295
1989 45 -0.925398
1989 49 -0.566621
1990 1 -0.326577
1990 5 -0.924837
1990 9 -1.535343
1990 13 -1.944174
1990 17 2.756648
1990 21 -1.659869
1990 25 -2.113357
1990 29 -2.138980
1990 33 -0.878328
1990 37 -1.155679
1990 41 -0.073543
1990 45 -0.882459
1990 49 -0.495861
1991 1 -0.457111
1991 5 -0.659997
1991 9 -1.865980
1991 13 -0.250264
1991 17 0.719664
1991 21 2.055580
1991 25 -1.346633
1991 29 -1.322149
1991 33 -2.503910
1991 37 -0.004709
1991 41 0.413380
1991 45 0.658544
1991 49 -0.238756
1992 1 0.155888
1992 5 0.713274
1992 9 1.185331
1992 13 0.459395
1992 17 -0.175691
1992 21 -0.170648
1992 25 1.753188
1992 29 4.089908
1992 33 5.840479
1992 37 1.131567
1992 41 4.963500
1992 45 0.419278
1992 49 1.257363
1993 1 0.428655
1993 5 1.192762
1993 9 -0.190716
1993 13 3.010276
1993 17 0.369254
1993 21 2.553697
1993 25 5.163806
1993 29 1.720653
1993 33 3.330874
1993 37 0.268015
1993 41 0.578122
1993 45 1.527191
1993 49 0.417363
1994 1 0.918655
1994 5 1.022762
1994 9 -0.841204
1994 13 -0.017973
1994 17 -0.181931
1994 21 -1.293899
1994 25 2.939512
1994 29 0.042942
1994 33 1.581155
1994 37 1.174456
1994 41 -1.060891
1994 45 -0.144743
1994 49 0.378857
1995 1 -0.162594
1995 5 -0.452188
1995 9 1.942755
1995 13 4.932566
1995 17 1.608772
1995 21 2.081405
1995 25 0.361585
1995 29 -0.850004
1995 33 1.855046
1995 37 3.374291
1995 41 2.427878
1995 45 0.325005
1995 49 -0.000232
1996 1 0.602297
1996 5 -0.007238
1996 9 0.369284
1996 13 -0.485142
1996 17 -0.209536
1996 21 0.875141
1996 25 -0.923995
1996 29 5.484590
1996 33 -0.328655
1996 37 1.004663
1996 41 0.934505
1996 45 2.920799
1996 49 0.907363
1997 1 0.608655
1997 5 1.002762
1997 9 0.002956
1997 13 0.179090
1997 17 0.283412
1997 21 3.430505
1997 25 2.953695
1997 29 -0.258308
1997 33 0.547724
1997 37 1.724657
1997 41 3.534889
1997 45 -0.160171
1997 49 0.467975
1998 1 0.440573
1998 5 0.085352
1998 9 1.429284
1998 13 3.709399
1998 17 0.254847
1998 21 1.883558
1998 25 2.494124
1998 29 0.722614
1998 33 -1.200816
1998 37 1.292914
1998 41 1.760913
1998 45 1.048780
1998 49 0.064158
1999 1 0.130964
1999 5 0.782536
1999 9 -0.315649
1999 13 3.148821
1999 17 0.292836
1999 21 6.056546
1999 25 4.969628
1999 29 6.599086
1999 33 -0.808601
1999 37 -0.798783
1999 41 -1.229774
1999 45 -1.098790
1999 49 -0.662369
2000 1 -0.557973
2000 5 0.830430
2000 9 -1.175866
2000 13 -0.599686
2000 17 0.548094
2000 21 -1.017165
2000 25 0.436364
2000 29 -0.731286
2000 33 0.113505
2000 37 -0.666113
2000 41 0.604505
2000 45 2.425788
2000 49 -0.450771
2001 1 0.452823
2001 5 0.640572
2001 9 -0.766950
2001 13 0.652528
2001 17 0.873866
2001 21 -0.853028
2001 25 3.097154
2001 29 -0.227095
2001 33 0.199833
2001 37 1.137369
2001 41 0.540551
2001 45 3.298523
2001 49 -0.192933
2002 1 -0.150976
2002 5 0.292536
2002 9 -0.627972
2002 13 -0.849568
2002 17 0.923331
2002 21 -2.719321
2002 25 -2.184155
2002 29 0.329380
2002 33 -0.795045
2002 37 0.372239
2002 41 0.391614
2002 45 -0.794862
2002 49 -0.663340
2003 1 -0.202086
2003 5 -0.423333
2003 9 -1.516037
2003 13 0.445726
2003 17 1.065176
2003 21 -99.000000
2003 25 -99.000000
2003 29 -99.000000
2003 33 -99.000000
2003 37 -99.000000
2003 41 -99.000000
2003 45 -99.000000
2003 49 -99.000000
