 1893   0.31   0.67   1.22   1.20   2.06   1.43   1.08   0.72   0.77   0.73  -0.96   0.43   0.83
 1894   0.86   0.88  -0.30   0.44   0.57  -0.40  -0.97  -1.61  -2.01  -2.01  -2.22  -2.44  -2.31
 1895  -2.22  -2.30  -2.58  -2.39  -2.55  -2.10  -1.89  -1.35  -1.29  -0.62  -0.80  -0.65  -0.87
 1896  -0.99  -1.13  -1.22   0.81   1.93   2.67   3.12   3.69   3.95   3.69   4.26   5.47   5.23
 1897   6.20   6.00   6.25   7.04   6.37   5.89   6.08   6.14   5.52   4.70   4.59   4.56   5.11
 1898   5.22   5.21   4.98   4.75   5.43   5.87   5.65   6.40   5.66   5.10   5.22   5.02   4.65
 1899   4.59   4.42   4.59   4.15   4.72   4.95   6.00   5.54   5.41   4.76   4.39   4.02   3.97
 1900   3.71   3.92   3.70   4.15   4.29   4.08   4.82   4.85   4.88   5.41   5.36   5.02   5.05
 1901   4.84   4.96   5.02   5.07   4.94   4.83   4.45   4.11   4.55   6.13   6.36   5.95   6.27
 1902   6.50   6.44   6.22   5.84   5.95   5.18   5.66   5.38   5.84   6.68   6.21   5.77   6.30
 1903   5.90   5.81   5.52   4.87   5.15   5.74   6.49   7.11   7.31   7.33   6.99   6.63   6.26
 1904   6.08   6.01   5.56   5.65   5.74   5.76   5.98   5.90   6.34   5.73   6.37   5.89   5.50
 1905   5.88   6.05   5.91   5.18   6.76   6.49   7.56   7.02   6.98   7.36   7.27   8.21   7.69
 1906   7.54   7.41   7.47   7.26   6.73   5.86   5.82   6.27   7.68   9.14   9.95   9.38   9.04
 1907   8.94   8.70   8.03   7.32   6.80   7.45   7.65   7.83   7.48   7.16   6.45   5.82   5.73
 1908   5.22   5.24   4.96   4.79   4.84   5.52   5.55   5.65   5.54   4.98   5.19   5.49   5.28
 1909   5.19   5.67   5.37   5.06   4.78   5.17   6.22   6.48   6.69   6.55   6.32   7.03   6.93
 1910   6.85   6.48   5.66   4.76   4.29   3.68   3.24   2.76   3.88   4.13   3.58   3.17   2.82
 1911   2.50   2.29   1.59   1.29   0.88  -1.73  -1.57  -0.90  -0.85   1.07   1.33   1.17   1.33
 1912   1.22   1.24   1.34   1.31   1.15   0.90  -0.85  -0.55   1.14   1.49   1.56   1.15   0.97
 1913   0.71   1.00   0.94   1.34   3.69   3.22   3.38   3.28   2.33   2.02   1.59   1.17   0.81
 1914   0.61  -1.53  -1.92  -2.09  -1.70  -1.39  -1.67  -1.57  -1.58  -0.70  -1.03  -1.36  -1.22
 1915  -1.29   1.37   1.35   1.03   1.18   2.45   4.52   4.96   4.66   5.90   5.56   5.52   5.51
 1916   5.79   5.53   5.32   5.54   5.41   5.29   6.20   6.13   5.71   5.86   5.49   5.19   5.05
 1917   5.32   5.34   5.51   5.73   5.48   5.93   5.77   5.84   5.13   4.71   4.22   3.80   3.71
 1918   3.85   3.76   3.20   2.82   2.61   3.64   3.26   3.47   3.45   2.86   3.02   3.42   3.62
 1919   3.43   4.17   4.16   4.36   4.37   4.16   4.28   3.95   3.72   3.36   3.33   4.06   3.73
 1920   3.41   3.29   3.15   4.45   5.12   5.44   5.65   5.15   4.97   4.37   4.61   4.44   4.54
 1921   4.24   4.06   3.35   2.78   2.94   2.70   2.29   2.66   2.98   2.52   2.38   2.13   1.90
 1922   1.75   2.11   1.69   1.92   1.52   1.52   1.13   1.31   0.80  -0.87  -0.96  -0.79  -1.02
 1923  -0.96  -1.19  -1.25  -1.14  -0.54  -0.54   0.92   2.49   3.12   4.45   4.29   4.07   4.15
 1924   4.01   4.39   4.18   3.93   3.97   3.97   4.35   5.10   4.67   4.66   4.19   3.75   4.39
 1925   4.57   4.46   4.09   3.65   3.48   3.34   3.04   2.46   2.03   1.82   1.61   1.16   1.04
 1926   0.82   0.68  -1.52  -1.92  -2.04  -2.64  -3.38  -3.32  -1.99  -1.53  -1.74  -1.27  -1.25
 1927  -1.39  -0.73   1.79   3.17   3.06   3.45   3.36   3.25   3.76   3.57   3.20   2.85   2.65
 1928   2.28   2.88   2.68   2.46   2.83   2.56   2.42   2.22   1.90   1.65   2.75   2.57   2.27
 1929   2.31   2.47   2.10   2.09   2.45   3.10   3.74   3.83   4.19   3.85   3.99   3.96   3.76
 1930   3.85   3.54   3.17   3.05   3.92   3.78   3.12   2.31   2.98   3.12   3.04   3.43   3.17
 1931   2.95   2.77   2.32   2.55   2.41   1.83   1.36  -1.52  -2.14  -2.27  -2.41  -1.52  -1.37
 1932  -0.73   1.44   1.22   0.60   1.01   1.58   1.23   1.44   0.94   0.89   0.75  -0.61  -0.67
 1933  -0.90  -0.72   0.26  -0.37  -0.19  -0.82   0.87   1.02   0.67  -0.53  -0.93  -0.92  -1.12
 1934  -1.17  -1.27  -1.36  -1.33  -2.04  -1.74  -1.84  -2.50  -2.73  -2.30  -2.56  -2.32  -2.29
 1935  -2.01  -1.78  -2.14  -1.67  -0.80  -1.05  -0.90  -0.78   1.24   0.59  -0.79  -0.74  -0.59
 1936   1.31   2.12   1.79   1.87   1.59   1.43  -1.06  -2.12  -2.51  -1.89  -1.96  -2.18  -1.76
 1937  -1.14  -1.10  -1.00  -1.30  -1.03  -1.32  -1.58  -1.82  -1.26  -0.97  -0.75  -0.86  -0.97
 1938  -0.74   1.01   0.74   0.55   0.88  -0.45   0.14   0.35   0.59   1.21   1.30   1.12   0.85
 1939   1.16   1.71   1.47   1.90   1.45   1.15   1.60   1.88   1.16  -1.23  -1.46  -1.83  -1.89
 1940  -1.83  -1.67  -1.39  -1.28  -1.12  -1.09  -1.47  -1.43  -1.71  -1.86  -2.07  -1.46  -1.08
 1941   1.45   2.23   2.09   3.14   2.55   2.25   2.58   1.66   1.46   1.89   1.62   1.26   1.19
 1942   1.07   1.46   1.44   1.05   1.69   1.24   1.89   1.86   2.11   2.07   1.68   1.52   1.28
 1943   1.22   1.33   1.45   1.11   0.84   0.97  -0.62  -0.86  -1.22  -1.70  -1.53  -1.51  -1.75
 1944  -1.24  -0.76  -0.86  -0.87   2.09   2.33   3.25   3.89   4.82   4.90   4.42   4.56   4.46
 1945   4.56   4.83   4.64   4.50   4.31   4.57   4.28   3.95   3.77   3.40   2.73   2.72   2.67
 1946   2.29   2.16   2.06   1.34   1.14   0.66  -1.49  -1.84  -1.31  -0.69  -0.77   1.35   1.19
 1947   1.11   1.24   0.92   1.11   0.99   1.44   1.52   0.93  -0.83  -0.98   0.41   0.70   0.76
 1948   0.56   0.76   0.68  -0.36  -0.58  -0.76   0.22   1.03  -0.51  -0.67  -0.88   0.66   0.86
 1949   1.83   1.62   1.57   2.43   1.96   1.99   1.98   1.79   2.08   2.79   2.57   2.10   1.87
 1950   1.75   2.00   1.87   1.56   2.23   2.20   2.94   3.55   3.16   3.40   3.03   2.72   2.39
 1951   2.09   1.94   2.56   3.04   3.91   3.54   5.29   4.86   7.00   7.26   7.33   7.06   6.90
 1952   6.98   6.94   6.96   6.60   6.09   5.70   5.42   5.17   4.76   4.07   3.38   3.12   3.00
 1953   2.77   3.22   2.84   3.21   4.28   4.14   3.51   4.31   4.14   3.35   2.74   2.67   2.91
 1954   2.51   2.86   2.64   2.45   2.54   2.62   2.84   2.78   3.37   3.02   2.96   2.61   2.25
 1955   2.01   2.14   1.79   1.19   0.57  -1.27  -1.15  -1.99  -2.78  -3.03  -3.34  -3.48  -3.22
 1956  -3.19  -3.27  -3.61  -3.70  -3.53  -4.06  -3.74  -3.82  -4.24  -4.59  -4.72  -4.65  -4.64
 1957  -4.60  -4.59  -4.32  -4.16  -3.25  -3.27  -2.65  -2.75  -2.88  -2.37  -2.00  -1.82  -1.96
 1958  -2.03  -2.06  -1.69  -1.42  -1.37  -1.60  -1.40  -1.32  -1.85  -2.32  -2.74  -2.78  -2.93
 1959  -2.95  -2.79  -2.97  -2.45  -2.19  -2.16  -2.03  -1.76  -2.00  -1.88  -1.32   1.35   1.59
 1960   1.77   1.72   1.93   2.05   3.41   3.35   3.40   2.85   4.62   4.12   3.94   3.80   3.61
 1961   3.44   3.41   3.35   3.07   3.22   2.89   2.48   2.24   1.82   1.71   1.55   1.20   1.15
 1962   0.81   1.21   1.52   1.23   1.52   3.22   3.08   3.47   3.96   3.85   3.29   2.73   2.54
 1963   2.48   2.22   1.96   1.21   1.11   1.82   2.59   3.32   3.23   2.74   2.20   1.73   1.39
 1964   1.27   1.03   1.04   0.87   1.23   0.99   1.38   1.67   2.92   2.64   2.13   1.98   1.91
 1965   1.64   1.91   1.66   1.50   1.52   1.95   2.02   1.69   2.05   3.22   2.90   2.59   2.48
 1966   2.34   2.52   2.35   2.09   1.61   1.55   1.66   1.68   2.42   1.97   1.99   1.65   1.58
 1967   1.52   1.20   0.65  -1.18  -1.44   1.10   1.82   1.82   1.74   1.31   1.09   0.71   0.54
 1968  -0.69  -0.89  -1.32  -1.04  -1.43  -2.08  -2.28  -2.56  -2.24  -2.20   1.58   1.52   2.26
 1969   2.70   2.81   2.95   2.46   2.23   1.87   3.03   3.06   3.01   3.08   3.52   3.11   3.15
 1970   2.88   2.60   2.62   2.93   2.67   2.83   2.20   1.64   0.93   0.91   1.63   1.81   1.87
 1971   1.68   2.42   2.33   1.88   1.59   2.83   2.52   1.85   0.97   0.60   0.93   1.25   1.26
 1972   1.04   0.99   0.55  -1.00   1.17   1.71   1.41   2.02   1.83   1.60   1.82   1.55   1.81
 1973   2.04   2.02   2.63   3.23   2.64   2.76   2.52   2.19   2.01   2.38   2.09   2.18   2.12
 1974   1.83   1.51   1.16   0.86  -1.06  -1.18  -1.69  -1.73  -1.77  -2.03  -2.26  -2.44  -2.54
 1975  -2.23  -2.37  -2.49  -2.11  -2.37  -2.46  -2.52  -3.03  -2.73  -2.96  -3.27  -2.21  -2.33
 1976  -2.32  -2.34  -2.50  -2.66  -2.70  -3.25  -3.28  -3.61  -3.75  -3.93  -4.00  -4.11  -4.19
 1977  -4.24  -4.15  -3.97  -3.06  -3.44  -3.43  -3.74  -3.32  -3.10  -2.70  -2.76  -2.51  -2.22
 1978  -2.29  -1.90  -2.14  -1.99  -1.89  -2.11  -1.91  -1.22  -1.44  -1.84  -2.11  -2.09  -1.98
 1979  -1.50  -1.58  -0.59  -0.60   1.88   1.78   1.64   2.41   3.13   3.08   3.57   4.38   4.19
 1980   4.02   3.92   3.59   3.50   3.15   2.55   1.74   2.49   2.09   1.62   1.48   1.07   0.68
 1981  -1.45  -1.56  -2.08  -2.25  -2.45  -2.84  -3.38  -2.58  -2.77  -3.10  -3.07  -2.82  -2.86
 1982  -2.37  -2.50  -2.58  -2.63  -2.07  -1.86  -1.76  -1.95  -2.28  -1.99  -1.39  -0.56   2.20
 1983   2.46   2.55   3.20   3.75   3.85   3.55   3.92   3.59   2.76   2.69   2.40   2.85   2.45
 1984   2.18   2.24   2.96   3.76   3.96   3.78   4.48   3.94   3.44   3.36   3.88   3.56   3.33
 1985   3.07   2.99   2.70   3.49   3.32   2.57   2.92   2.91   3.09   3.80   3.52   3.47   3.17
 1986   2.94   2.91   2.96   3.06   3.56   3.57   3.57   3.35   3.32   4.78   4.61   4.32   4.10
 1987   3.91   3.60   4.57   4.20   3.43   3.08   3.21   3.17   2.92   2.93   2.46   2.42   2.57
 1988   2.70   2.42   1.90   1.92   1.50   1.20   0.86  -1.16  -1.21  -0.96  -1.32  -1.33  -1.58
 1989  -1.55  -1.61  -1.78  -2.27  -2.57  -3.29  -3.37  -3.85  -3.07  -3.44  -3.70  -3.74  -3.70
 1990  -3.58  -3.68  -3.82  -4.09  -3.00  -3.11  -3.41  -3.72  -3.71  -3.77  -3.52  -3.56  -3.51
 1991  -3.46  -3.46  -3.71  -3.51  -3.04  -2.36  -2.52  -2.69  -3.23  -3.00  -2.65  -2.20  -2.14
 1992  -1.90  -1.45  -0.99  -0.77  -0.76  -0.74   1.30   2.47   4.33   4.44   5.79   5.59   5.83
 1993   5.69   5.87   5.45   6.10   5.83   6.06   7.17   7.24   7.94   7.53   7.24   7.39   7.12
 1994   7.16   7.17   6.49   6.08   5.65   5.03   5.56   5.22   5.44   5.49   4.84   4.48   4.38
 1995   4.03   3.59   3.97   5.36   5.50   5.64   5.39   4.82   5.16   5.96   6.38   6.11   5.73
 1996   5.68   5.32   5.10   4.64   4.29   4.22   3.72   5.17   4.74   4.78   4.79   5.64   5.71
 1997   5.67   5.77   5.41   5.13   4.89   5.38   5.89   5.45   5.30   5.54   6.36   5.90   5.75
 1998   5.62   5.30   5.41   6.30   5.98   6.04   6.38   6.20   5.45   5.54   5.77   5.82   5.48
 1999   5.21   5.24   4.82   5.56   5.30   6.37   7.41   8.96   8.15   7.40   6.58   5.79   5.15
 2000   4.57   4.66   4.04   3.61   3.55   3.12   3.05   2.66   2.53   2.18   2.24   3.06   2.68
 2001   2.75   2.87   2.48   2.54   2.64   2.30   3.05   2.80   2.69   2.90   2.90   4.02   3.69
 2002   3.39   3.31   2.93   2.49   2.61   1.89   1.22   1.24   0.92   0.99   1.06   0.71  -1.13
 2003  -1.14  -1.22  -1.54  -1.28  -0.88 -99.00 -99.00 -99.00 -99.00 -99.00 -99.00 -99.00 -99.00
