 1893   0.31   0.67   1.22   1.20   2.06   0.72   0.02  -0.69  -0.50  -0.48  -0.96   0.43   0.83
 1894   0.86   0.88  -0.30   0.44   0.57  -0.40  -0.97  -1.61  -2.01  -2.01  -2.22  -2.44  -2.31
 1895  -2.22  -2.30  -2.58  -2.35  -2.55  -1.72  -1.40  -0.32  -0.28   1.07   0.58   0.79   0.25
 1896  -0.06  -0.41  -0.60   0.81   1.93   2.67   3.12   3.69   3.95   3.63   4.26   5.47   5.23
 1897   6.20   6.00   6.25   7.04   6.09   5.51   6.08   6.14   5.24   3.85   3.93   4.14   5.11
 1898   5.22   5.21   4.98   4.75   5.43   5.87   5.65   6.40   5.26   4.45   5.01   4.91   4.45
 1899   4.59   4.42   4.59   3.95   4.72   4.95   6.00   5.42   5.41   4.39   3.90   3.40   3.54
 1900   3.23   3.88   3.65   4.15   4.29   4.08   4.82   4.85   4.88   5.41   5.36   4.98   5.05
 1901   4.84   4.96   5.02   5.07   4.94   4.83   4.32   3.88   4.55   6.13   6.36   5.90   6.27
 1902   6.50   6.44   6.22   5.81   5.95   4.73   5.66   5.38   5.84   6.68   6.12   5.58   6.30
 1903   5.86   5.81   5.52   4.49   5.15   5.74   6.49   7.11   7.31   7.33   6.99   6.63   6.26
 1904   6.08   6.01   5.45   5.65   5.74   5.76   5.98   5.90   6.34   5.45   6.37   5.78   5.33
 1905   5.88   6.05   5.91   4.75   6.76   6.49   7.56   6.92   6.98   7.36   7.27   8.21   7.65
 1906   7.54   7.41   7.47   7.26   6.62   5.23   5.53   6.27   7.68   9.14   9.95   9.38   9.04
 1907   8.94   8.70   7.86   6.90   6.29   7.45   7.65   7.83   7.48   7.16   6.15   5.24   5.41
 1908   4.71   5.06   4.80   4.75   4.84   5.52   5.55   5.65   5.54   4.71   5.19   5.49   5.28
 1909   5.19   5.67   5.37   5.06   4.78   5.17   6.22   6.48   6.69   6.55   6.32   7.03   6.93
 1910   6.85   6.48   5.18   3.66   3.00   2.03   1.39   0.65   3.04   3.70   2.84   2.22   1.71
 1911   1.24   1.00  -0.20  -0.60  -1.20  -1.73  -1.48   0.08   0.11   1.07   1.33   0.99   1.33
 1912   1.13   1.24   1.34   1.31   0.96   0.37  -0.85   0.20   1.14   1.49   1.56   0.63   0.27
 1913  -0.29   0.44   0.36   1.33   3.69   2.90   3.38   3.28   1.41   0.90   0.12  -0.62  -1.20
 1914  -1.44  -1.53  -1.92  -2.09  -1.33  -0.72  -1.47  -1.35  -1.47   0.55  -0.31  -1.12  -0.90
 1915  -1.12   1.37   1.35   0.60   1.03   2.45   4.52   4.96   4.63   5.90   5.56   5.52   5.51
 1916   5.79   5.53   5.32   5.54   5.41   5.29   6.20   6.13   5.63   5.86   5.45   5.17   5.05
 1917   5.32   5.34   5.51   5.73   5.48   5.93   5.77   5.84   4.71   4.16   3.43   2.81   2.88
 1918   3.37   3.41   2.48   1.90   1.63   3.64   3.05   3.47   3.45   2.39   2.89   3.42   3.62
 1919   3.43   4.17   4.16   4.36   4.37   4.16   4.28   3.83   3.59   3.05   3.20   4.06   3.60
 1920   3.16   3.10   3.00   4.45   5.12   5.44   5.65   4.97   4.90   3.95   4.61   4.44   4.54
 1921   4.20   4.06   2.79   1.79   2.30   1.97   1.30   2.19   2.98   2.16   2.00   1.59   1.23
 1922   1.03   1.87   1.08   1.66   0.90   1.00   0.24   0.70  -0.29  -0.87  -0.96  -0.48  -1.02
 1923  -0.92  -1.19  -1.25  -1.06   0.54   0.47   0.92   2.49   3.12   4.45   4.29   4.07   4.15
 1924   4.01   4.39   4.18   3.92   3.97   3.97   4.35   5.10   4.51   4.66   3.95   3.29   4.39
 1925   4.57   4.46   3.95   3.26   3.14   3.05   2.62   1.59   0.85   0.55   0.27  -0.49  -0.61
 1926  -0.90  -1.02  -1.52  -1.92  -2.04  -2.64  -3.38  -3.32  -0.62   0.20  -0.39   0.46   0.34
 1927  -0.07   1.13   1.79   3.17   3.06   3.45   3.36   3.25   3.76   3.57   3.00   2.43   2.19
 1928   1.56   2.88   2.62   2.29   2.83   2.40   2.26   1.97   1.39   0.96   2.75   2.51   2.01
 1929   2.23   2.47   1.80   1.90   2.45   3.10   3.74   3.83   4.19   3.72   3.99   3.96   3.76
 1930   3.85   3.41   2.84   2.78   3.92   3.78   2.59   1.05   2.64   3.10   3.04   3.43   3.08
 1931   2.80   2.58   1.78   2.41   2.26   1.12   0.23  -1.52  -2.14  -2.27  -2.41  -0.54  -0.31
 1932   0.99   1.44   0.98  -0.54   0.55   1.58   0.81   1.39   0.23   0.18  -0.10  -0.61  -0.67
 1933  -0.90  -0.36   0.26  -0.37  -0.19  -0.82   0.87   1.02   0.01  -0.53  -0.93  -0.92  -1.12
 1934  -1.17  -1.27  -1.36  -1.33  -2.04  -1.49  -1.84  -2.50  -2.73  -1.96  -2.56  -2.20  -2.29
 1935  -1.82  -1.42  -2.14  -1.20   0.71   0.05   0.29   0.45   1.24  -0.46  -0.79  -0.68  -0.08
 1936   1.31   2.12   1.50   1.78   1.25   0.97  -1.06  -2.12  -2.51  -1.28  -1.58  -2.18  -1.35
 1937  -0.03  -0.06   0.08  -0.67  -0.17  -0.86  -1.43  -1.82  -0.60   0.01   0.44   0.11  -0.21
 1938   0.20   1.01   0.26  -0.27   0.73  -0.45  -0.28   0.35   0.59   1.21   1.30   0.90   0.26
 1939   1.12   1.71   1.23   1.90   0.94   0.35   1.46   1.88   0.29  -1.23  -1.46  -1.83  -1.89
 1940  -1.83  -1.58  -1.02  -0.85  -0.55  -0.57  -1.47  -1.43  -1.71  -1.86  -2.07  -0.79   0.00
 1941   1.45   2.23   2.04   3.14   2.03   1.54   2.40   0.57   0.27   1.25   0.81   0.18   0.13
 1942  -0.03   0.80   0.82   0.17   1.30   0.44   1.86   1.86   2.11   2.07   1.29   1.02   0.55
 1943   0.51   0.83   1.16   0.47  -0.06   0.29  -0.62  -0.86  -1.22  -1.70  -1.39  -1.47  -1.75
 1944  -0.63   0.45   0.12   0.02   2.09   2.33   3.25   3.89   4.82   4.90   4.19   4.56   4.46
 1945   4.56   4.83   4.64   4.50   4.31   4.57   4.24   3.82   3.67   3.11   1.91   2.05   2.10
 1946   1.48   1.34   1.25  -0.05  -0.32  -1.13  -1.49  -1.84  -0.70   0.71   0.42   1.35   1.02
 1947   0.87   1.24   0.45   1.00   0.75   1.44   1.52   0.11  -0.83  -0.98   0.41   0.70   0.76
 1948  -0.07   0.76   0.48  -0.36  -0.58  -0.76   0.22   1.03  -0.51  -0.67  -0.88   0.66   0.86
 1949   1.83   1.44   1.43   2.43   1.52   1.70   1.80   1.48   2.08   2.79   2.48   1.58   1.21
 1950   1.06   1.71   1.55   0.97   2.23   2.20   2.94   3.55   2.93   3.40   2.81   2.33   1.78
 1951   1.28   1.08   2.50   3.04   3.91   3.35   5.29   4.72   7.00   7.26   7.33   7.06   6.90
 1952   6.98   6.94   6.96   6.60   5.95   5.53   5.28   5.10   4.57   3.41   2.23   1.91   1.86
 1953   1.58   2.64   2.07   2.92   4.28   4.14   3.05   4.31   4.14   2.70   1.62   1.65   2.31
 1954   1.66   2.51   2.23   1.99   2.28   2.59   2.84   2.78   3.37   2.81   2.89   2.30   1.66
 1955   1.29   1.69   1.07  -0.08  -1.21  -1.27  -1.05  -1.99  -2.78  -3.03  -3.34  -3.48  -3.17
 1956  -3.19  -3.27  -3.61  -3.70  -3.53  -4.06  -3.67  -3.82  -4.24  -4.59  -4.72  -4.65  -4.64
 1957  -4.60  -4.59  -4.32  -4.16  -2.51  -2.78  -1.70  -2.10  -2.56  -1.69  -1.07  -0.84  -1.25
 1958  -1.50  -1.65  -1.00  -0.56  -0.56  -1.08  -0.78  -0.69  -1.77  -2.32  -2.74  -2.78  -2.93
 1959  -2.95  -2.79  -2.97  -2.04  -1.63  -1.71  -1.58  -1.13  -1.75  -1.63  -0.51   1.35   1.59
 1960   1.77   1.72   1.93   2.05   3.41   3.35   3.40   2.40   4.62   3.84   3.72   3.66   3.51
 1961   3.35   3.41   3.35   2.94   3.22   2.69   1.98   1.61   0.85   0.73   0.51  -0.10  -0.11
 1962  -0.65   0.20   0.85   0.40   0.91   3.22   3.08   3.47   3.96   3.85   2.89   1.89   1.66
 1963   1.69   1.29   0.91  -0.48  -0.54   0.93   2.46   3.32   3.23   2.36   1.35   0.48  -0.10
 1964  -0.23  -0.60  -0.45  -0.66   0.11  -0.24   0.54   1.02   2.92   2.48   1.53   1.33   1.31
 1965   0.83   1.51   1.07   0.83   0.95   1.90   2.02   1.37   2.05   3.22   2.72   2.23   2.14
 1966   1.99   2.50   2.29   1.83   0.90   0.86   1.20   1.34   2.42   1.55   1.71   1.08   1.02
 1967   0.97   0.37  -0.71  -1.18  -1.44   1.10   1.82   1.82   1.74   0.80   0.36  -0.45  -0.75
 1968  -0.69  -0.89  -1.32  -0.65  -1.43  -2.08  -2.28  -2.56  -2.02  -2.08   1.58   1.52   2.26
 1969   2.70   2.81   2.95   2.05   1.69   1.04   3.03   3.06   3.01   3.08   3.52   2.84   3.14
 1970   2.75   2.30   2.51   2.93   2.54   2.83   1.60   0.52  -0.88  -0.80   0.79   1.23   1.41
 1971   1.14   2.42   2.33   1.46   0.91   2.83   2.31   0.98  -0.81  -1.44  -0.63   0.10   0.21
 1972  -0.12  -0.13  -0.83  -1.00   1.17   1.71   1.08   2.02   1.69   1.28   1.82   1.30   1.81
 1973   2.04   2.02   2.63   3.23   2.14   2.57   2.22   1.64   1.39   2.29   1.79   2.11   2.11
 1974   1.57   0.94   0.25  -0.34  -1.06  -1.18  -1.69  -1.73  -1.77  -2.03  -2.26  -2.44  -2.54
 1975  -2.02  -2.37  -2.49  -1.81  -2.37  -2.46  -2.52  -3.03  -2.59  -2.96  -3.27  -1.17  -1.61
 1976  -1.74  -1.96  -2.45  -2.66  -2.70  -3.25  -3.28  -3.61  -3.75  -3.93  -4.00  -4.11  -4.19
 1977  -4.24  -4.15  -3.97  -2.30  -3.34  -3.43  -3.74  -3.10  -2.86  -2.21  -2.54  -2.18  -1.75
 1978  -2.03  -1.34  -1.96  -1.78  -1.69  -2.11  -1.80  -0.31  -0.91  -1.84  -2.11  -2.09  -1.98
 1979  -0.98  -1.27   0.94   0.83   1.88   1.76   1.53   2.41   3.13   3.08   3.57   4.38   4.19
 1980   4.02   3.92   3.45   3.49   2.94   1.85   0.26   1.98   1.30   0.45   0.27  -0.42  -1.05
 1981  -1.45  -1.56  -2.08  -2.25  -2.45  -2.84  -3.38  -1.87  -2.48  -3.10  -3.07  -2.73  -2.86
 1982  -1.98  -2.44  -2.58  -2.63  -1.57  -1.24  -1.13  -1.68  -2.28  -1.78  -0.52   1.26   2.20
 1983   2.46   2.55   3.20   3.75   3.85   3.45   3.92   3.46   1.89   1.92   1.49   2.57   1.90
 1984   1.46   1.71   2.96   3.76   3.96   3.78   4.48   3.62   2.79   2.84   3.88   3.43   3.17
 1985   2.81   2.82   2.37   3.49   3.32   1.88   2.80   2.91   3.09   3.80   3.45   3.47   3.03
 1986   2.74   2.84   2.96   3.06   3.56   3.57   3.57   3.32   3.32   4.78   4.61   4.29   4.08
 1987   3.91   3.50   4.57   4.07   2.69   2.18   2.64   2.74   2.41   2.58   1.77   1.83   2.26
 1988   2.67   2.23   1.21   1.38   0.57   0.04  -0.56  -1.16  -1.21  -0.60  -1.32  -1.33  -1.58
 1989  -1.55  -1.61  -1.78  -2.27  -2.57  -3.29  -3.37  -3.85  -2.44  -3.44  -3.70  -3.74  -3.70
 1990  -3.58  -3.68  -3.82  -4.09  -2.02  -2.49  -3.34  -3.72  -3.71  -3.77  -3.50  -3.56  -3.51
 1991  -3.46  -3.46  -3.71  -3.51  -2.75  -1.48  -2.00  -2.52  -3.23  -2.96  -2.40  -1.61  -1.63
 1992  -1.26  -0.42   0.45   0.80   0.72   0.66   1.30   2.47   4.33   4.44   5.79   5.59   5.83
 1993   5.69   5.87   5.36   6.10   5.83   6.06   7.17   7.24   7.94   7.53   7.24   7.39   7.12
 1994   7.16   7.17   6.21   5.76   5.24   4.31   5.56   5.20   5.44   5.49   4.46   4.02   4.08
 1995   3.61   2.95   3.94   5.36   5.50   5.64   5.39   4.53   5.16   5.96   6.38   6.11   5.69
 1996   5.68   5.28   5.10   4.44   4.00   4.13   3.33   5.17   4.60   4.78   4.79   5.64   5.71
 1997   5.67   5.77   5.37   5.12   4.89   5.38   5.89   5.34   5.30   5.54   6.36   5.80   5.75
 1998   5.62   5.30   5.41   6.30   5.98   6.04   6.38   6.20   5.02   5.54   5.77   5.82   5.48
 1999   5.21   5.24   4.69   5.56   5.30   6.37   7.41   8.96   7.86   6.83   5.60   4.39   3.46
 2000   2.62   3.09   2.17   1.60   1.72   1.13   1.20   0.69   0.64   0.18   0.45   1.91   1.40
 2001   1.63   1.86   1.31   1.53   1.74   1.25   2.60   2.25   2.19   2.73   2.90   4.02   3.56
 2002   3.14   3.18   2.57   1.82   2.22   0.86  -0.40  -0.23  -0.74  -0.49  -0.27  -0.79  -1.13
 2003  -1.14  -1.22  -1.54  -1.00  -0.07 -99.00 -99.00 -99.00 -99.00 -99.00 -99.00 -99.00 -99.00
