 1893   1.04   1.24   1.97   0.19   3.11  -1.66  -0.85  -0.97   0.30   0.04  -1.05   1.42   1.42
 1894   0.30   0.24  -1.01   1.47   0.52  -1.36  -2.07  -2.42  -1.75  -0.50  -1.22  -1.31  -0.15
 1895  -0.28  -0.82  -1.53  -0.00  -1.13   0.90   0.20   1.37  -0.10   1.95  -0.76   0.31  -0.92
 1896  -0.62  -0.73  -0.58   2.71   3.88   2.85   2.08   2.53   1.65  -0.05   2.68   4.92   0.34
 1897   4.34   0.62   2.10   3.92  -0.75  -0.24   1.84   1.50  -0.78  -1.60   0.63   0.86   2.77
 1898   1.46   1.05   0.32   0.29   3.25   2.59   0.52   3.67  -1.11  -0.68   1.46   0.43  -0.18
 1899   0.79   0.37   1.52  -0.50   2.76   1.74   4.53  -0.26   0.73  -1.03  -0.24  -0.31   0.66
 1900  -0.05   1.49   0.08   2.30   1.33   0.20   3.30   1.12   1.12   2.78   0.98  -0.01   1.14
 1901   0.35   1.43   1.22   1.22   0.63   0.68  -0.28  -0.19   2.33   6.19   2.07  -0.05   2.31
 1902   2.07   1.17   0.62   0.03   1.59  -1.29   2.66   0.27   2.67   4.02  -0.17  -0.18   2.98
 1903  -0.02   0.94   0.25  -1.01   1.96   3.05   3.70   3.42   2.15   1.59   0.41   0.28   0.16
 1904   0.69   1.06  -0.24   1.47   1.47   1.25   1.96   0.98   2.71  -0.73   3.34  -0.26  -0.07
 1905   2.41   1.80   0.81  -1.19   6.34   0.52   4.93  -0.21   1.34   2.71   1.24   4.66  -0.02
 1906   1.11   1.17   1.73   0.86  -0.23  -1.50   1.12   2.70   6.02   6.46   4.60   0.19   0.85
 1907   1.55   1.09  -0.42  -0.68  -0.19   3.59   2.23   2.19   0.49   0.48  -0.84  -0.75   0.91
 1908  -0.51   1.16   0.18   0.46   1.19   3.25   1.27   1.49   0.82  -0.70   1.75   2.06   0.46
 1909   0.80   2.68   0.18   0.11   0.12   2.28   4.59   2.18   2.03   0.95   0.62   3.67   1.15
 1910   1.20   0.19  -1.37  -1.82  -0.55  -1.14  -0.69  -0.93   4.30   1.65  -0.95  -0.61  -0.50
 1911  -0.50  -0.15  -1.87  -0.65  -1.10  -1.21   0.10   1.92  -0.06   1.86   1.08  -0.26   0.79
 1912  -0.08   0.30   0.61   0.17  -0.27  -0.58  -2.14   0.81   3.03   1.40   0.55  -1.04  -0.34
 1913  -0.66   1.10   0.01   1.54   8.11  -0.80   1.22   0.36  -2.47  -0.54  -1.01  -1.07  -0.95
 1914  -0.50  -0.44  -1.70  -1.05   0.81   0.64  -1.30  -0.08  -0.42   2.61  -1.29  -1.38   0.12
 1915  -0.54   4.57   0.21  -0.78   0.69   4.48   7.42   2.40   0.04   5.13   0.10   1.02   1.12
 1916   2.11   0.34   0.46   1.84   0.72   0.76   4.13   1.06  -0.13   1.71  -0.02   0.17   0.60
 1917   1.96   1.17   1.70   1.89   0.35   2.66   0.71   1.45  -1.15  -0.32  -0.64  -0.53   0.53
 1918   1.22   0.52  -1.08  -0.59  -0.12   3.97  -0.50   1.40   0.67  -1.24   1.10   1.98   1.37
 1919   0.14   3.16   0.84   1.55   0.95   0.21   1.28  -0.22   0.06  -0.42   0.61   3.14  -0.27
 1920  -0.27   0.30   0.23   4.98   3.19   2.12   1.84  -0.46   0.47  -0.95   1.70   0.42   1.24
 1921  -0.02   0.27  -1.51  -1.19   1.10  -0.18  -0.77   1.70   1.61  -0.89   0.05  -0.34  -0.31
 1922  -0.09   1.55  -0.96   1.12  -0.93   0.34  -1.00   0.85  -1.44  -1.20  -0.53   0.35  -0.96
 1923  -0.06  -1.02  -0.50   0.05   1.78  -0.12   1.57   5.42   2.64   5.07   0.39   0.18   1.11
 1924   0.42   2.08   0.24   0.06   0.94   0.82   2.12   3.40  -0.37   0.94  -0.60  -0.57   2.92
 1925   1.51   0.59  -0.29  -0.62   0.22   0.24  -0.28  -1.30  -0.92  -0.28  -0.30  -1.17  -0.18
 1926  -0.52  -0.27  -1.59  -1.73  -0.89  -2.58  -3.17  -0.64   3.74   1.06  -1.08   1.18  -0.28
 1927  -0.79   1.93   1.85   4.98   0.30   1.94   0.42   0.33   2.38   0.14  -0.46  -0.52  -0.04
 1928  -0.68   2.45  -0.06  -0.18   1.77  -0.32   0.09  -0.16  -0.61  -0.43   4.01  -0.05  -0.44
 1929   0.60   1.02  -0.69   0.40   1.63   2.68   2.78   1.08   2.00  -0.26   1.28   0.75   0.16
 1930   1.09  -0.25  -0.49   0.26   3.54   0.35  -1.41  -2.04   2.74   1.08   0.40   1.93  -0.15
 1931  -0.06  -0.00  -0.90   1.25   0.08  -1.45  -1.17  -2.89  -2.48  -0.98  -1.05   2.46   0.15
 1932   1.82   0.92  -0.40  -1.83   1.51   2.11  -0.83   0.93  -1.35   0.04  -0.27  -0.81  -0.34
 1933  -0.94   0.38   0.50  -1.26   0.53  -2.19   2.90   0.67  -0.95  -0.94  -1.49  -0.22  -0.89
 1934  -0.47  -0.62  -0.63  -0.24  -2.74   0.51  -0.77  -2.71  -1.40   0.80  -1.47   0.19  -0.47
 1935   0.39   0.31  -1.70   1.08   2.56  -1.02   0.25   0.17   1.84  -1.90  -0.93  -0.05   0.34
 1936   4.05   2.96  -0.64   0.63  -0.53  -0.21  -2.97  -3.89  -1.86   1.51  -0.72  -1.25   0.92
 1937   1.68  -0.17   0.09  -1.29   0.61  -1.25  -1.20  -1.21   1.45   0.69   0.50  -0.55  -0.58
 1938   0.52   1.96  -0.66  -0.47   1.21  -1.54   0.45   0.75   0.86   2.20   0.54  -0.33  -0.65
 1939   1.21   2.05  -0.43   1.74  -1.11  -0.67   1.73   1.27  -2.00  -2.33  -1.10  -1.63  -0.66
 1940  -0.28   0.09   0.55   0.04   0.24  -0.19  -1.57  -0.20  -1.34  -0.92  -1.16   1.55   0.96
 1941   2.57   2.91  -0.01   3.94  -1.32  -0.46   1.58  -2.52  -0.31   1.72  -0.50  -0.85   0.03
 1942  -0.17   1.53   0.25  -0.99   2.34  -1.15   2.43   0.31   1.21   0.32  -0.86  -0.19  -0.49
 1943   0.09   0.61   0.69  -0.84  -0.68   0.63  -1.46  -0.98  -1.42  -1.97   0.18  -0.34  -1.17
 1944   1.31   1.33  -0.53  -0.25   5.55   1.25   3.55   2.80   3.92   1.28  -0.59   1.40   0.61
 1945   1.26   1.87   0.38   0.49   0.32   1.76  -0.01  -0.18   0.21  -0.45  -1.50   0.54   0.39
 1946  -0.69   0.03   0.11  -1.95  -0.38  -1.38  -1.16  -1.59   1.36   1.81  -0.45   2.19  -0.24
 1947  -0.03   0.67  -0.80   0.81  -0.15   1.70   0.58  -1.67  -1.29  -0.74   1.37   1.05   0.34
 1948  -0.52   0.79  -0.09  -1.16  -0.83  -0.76   0.72   2.76  -1.73  -0.69  -0.88   2.18   0.83
 1949   3.39  -0.32   0.19   3.18  -1.04   0.49   0.39  -0.24   1.35   2.80  -0.14  -1.05  -0.32
 1950  -0.01   1.20   0.00  -0.66   2.56   0.36   2.92   2.66  -0.55   1.44  -0.51  -0.39  -0.53
 1951  -0.52  -0.07   2.48   2.15   3.52  -0.43   6.58  -0.32   8.15   2.31   1.78   0.62   0.95
 1952   1.72   1.33   1.52   0.26  -0.33  -0.00   0.23   0.32  -0.29  -1.30  -1.44  -0.15   0.24
 1953  -0.14   2.08  -0.58   1.83   4.24   0.41  -1.22   3.42   0.34  -1.79  -1.31   0.32   1.36
 1954  -0.71   1.68  -0.12  -0.08   0.80   0.80   1.27   0.39   2.55  -0.46   0.46  -0.56  -0.67
 1955  -0.31   0.86  -0.73  -1.63  -1.79  -0.38   0.08  -3.15  -3.20  -1.54  -1.80  -1.32   0.03
 1956  -0.70  -1.04  -1.99  -1.21  -0.31  -2.68   0.08  -1.19  -2.40  -2.24  -1.57  -0.93  -1.13
 1957  -1.03  -1.11  -0.20  -0.54   2.08  -0.85   1.29  -0.99  -1.13   1.02   0.70   0.11  -0.94
 1958  -0.72  -0.61   0.77   0.49  -0.19  -1.12   0.28  -0.06  -2.15  -2.06  -2.00  -0.81  -1.21
 1959  -0.81  -0.18  -1.29   1.03   0.29  -0.43  -0.10   0.42  -1.24  -0.11   1.45   3.14   1.08
 1960   0.92   0.22   1.07   0.81   4.96   0.51   0.87  -1.15   6.50  -0.71   0.27   0.36   0.19
 1961   0.17   0.64   0.51  -0.24   1.16  -0.44  -0.76  -0.27  -0.92   0.01  -0.18  -0.84   0.07
 1962  -0.87   1.51   1.28  -0.64   1.21   5.97   0.23   1.93   2.35   0.47  -1.06  -1.18  -0.06
 1963   0.32  -0.35  -0.38  -2.09  -0.08   2.59   2.96   2.97   0.39  -0.96  -1.22  -1.12  -0.75
 1964  -0.12  -0.54   0.27  -0.36   1.39  -0.56   1.53   1.25   4.48  -0.32  -1.13  -0.05   0.19
 1965  -0.52   1.26  -0.46  -0.18   0.38   1.76   0.65  -0.69   1.54   4.35  -0.40  -0.41   0.17
 1966   0.06   1.06  -0.02  -0.40  -1.14   0.12   0.71   0.42   2.81  -0.99   0.47  -0.70   0.10
 1967   0.12  -0.74  -1.57  -1.35  -1.19   3.66   2.63   0.38   0.10  -1.07  -0.45  -1.04  -0.41
 1968   0.05  -0.85  -1.71   0.66  -1.61  -2.57  -1.19  -1.53   0.46  -0.40   5.22   0.15   2.77
 1969   1.95   0.92   1.06  -1.01  -0.25  -0.73   4.27   0.72   0.47   0.88   2.10  -0.64   0.80
 1970  -0.23  -0.34   0.62   1.56  -0.25   1.10  -1.51  -1.38  -2.01   0.11   2.60   0.93   0.57
 1971  -0.22   2.79   0.21  -0.99  -0.58   4.46  -0.45  -1.71  -2.54  -1.01   1.22   1.25   0.29
 1972  -0.46   0.05  -1.25  -0.72   3.91   2.04  -0.65   2.32  -0.22  -0.36   1.06  -0.50   1.19
 1973   1.15   0.34   2.45   2.56  -1.29   0.97  -0.23  -0.58  -0.14   1.67  -0.47   0.73   0.26
 1974  -0.53  -0.68  -0.84  -0.76  -1.27  -0.67  -2.04  -0.55  -0.57  -1.33  -1.28  -1.20  -0.93
 1975   0.44  -1.04  -1.00   0.69  -1.41  -0.90  -0.82  -2.35   0.26  -1.46  -1.79   2.81  -0.96
 1976  -0.53  -0.67  -1.12  -1.17  -0.77  -2.55  -0.92  -1.93  -1.40  -1.53  -1.22  -1.36  -1.28
 1977  -1.22  -0.74  -0.40   2.12  -2.06  -0.81  -1.93   0.51  -0.06   0.61  -0.89   0.18   0.35
 1978  -0.79   0.78  -1.29  -0.03  -0.16  -1.21   0.16   1.90  -1.04  -1.73  -1.40  -0.44  -0.16
 1979   1.16  -0.64   2.98  -0.15   3.41   0.06  -0.10   2.91   2.91   0.49   2.28   3.46   0.27
 1980   0.31   0.52  -0.29   0.46  -0.44  -1.32  -2.19   2.87  -0.79  -1.13  -0.15  -1.04  -1.07
 1981  -1.18  -0.73  -2.18  -1.07  -1.24  -1.96  -2.55   1.91  -1.30  -1.79  -0.69   0.12  -0.85
 1982   0.96  -1.04  -0.88  -0.81   1.25   0.21  -0.10  -1.10  -1.61   0.42   1.58   2.47   3.29
 1983   1.34   0.82   2.68   2.51   1.10  -0.19   1.98  -0.28  -2.02   0.35  -0.39   2.00  -0.74
 1984  -0.40   0.66   2.88   3.27   1.45   0.23   3.14  -0.86  -0.86   0.46   2.43  -0.25  -0.01
 1985  -0.18   0.37  -0.35   3.21   0.17  -1.82   1.70   0.58   1.21   3.00  -0.11   0.57  -0.28
 1986  -0.09   0.50   0.78   0.96   2.29   0.79   0.75   0.02   0.58   5.58   0.41   0.01   0.16
 1987   0.22  -0.20   4.00  -0.29  -1.69  -0.43   1.07   0.54  -0.16   0.63  -0.96   0.38   1.02
 1988   0.97  -0.35  -1.24   0.47  -1.01  -0.68  -0.87  -1.04  -0.46   0.55  -1.47  -0.37  -1.17
 1989  -0.30  -0.59  -0.99  -2.10  -1.59  -3.12  -1.08  -2.48   1.72  -2.02  -1.74  -1.08  -0.78
 1990  -0.50  -1.23  -1.39  -1.89   2.74  -1.13  -1.79  -1.92  -0.89  -1.13  -0.07  -1.03  -0.68
 1991  -0.70  -0.88  -1.69  -0.24   0.72   1.59  -1.14  -1.19  -2.53  -0.00   0.45   0.87  -0.33
 1992   0.27   1.08   1.22   0.51  -0.15  -0.12   1.69   4.17   6.71   1.26   5.43   0.55   1.96
 1993   0.75   1.80  -0.17   3.33   0.37   1.97   4.97   1.75   3.83   0.30   0.63   2.02   0.65
 1994   1.60   1.54  -0.76  -0.02  -0.16  -0.88   2.83   0.04   1.82   1.31  -1.02  -0.17   0.59
 1995  -0.25  -0.60   2.00   5.46   1.60   1.61   0.35  -0.76   2.13   3.75   2.66   0.43  -0.00
 1996   1.05  -0.01   0.38  -0.47  -0.18   0.68  -0.78   5.59  -0.33   1.12   1.02   3.86   1.41
 1997   1.06   1.51   0.00   0.20   0.28   2.65   2.84  -0.23   0.63   1.92   3.87  -0.19   0.73
 1998   0.77   0.13   1.47   4.10   0.25   1.46   2.40   0.74  -1.22   1.44   1.93   1.38   0.10
 1999   0.23   1.18  -0.29   3.48   0.29   4.68   4.78   6.73  -0.82  -0.78  -1.19  -1.28  -0.91
 2000  -0.86   1.25  -1.07  -0.58   0.55  -0.69   0.42  -0.66   0.13  -0.65   0.66   3.20  -0.62
 2001   0.79   0.97  -0.70   0.72   0.87  -0.58   2.98  -0.20   0.23   1.26   0.59   4.36  -0.26
 2002  -0.23   0.44  -0.57  -0.83   0.92  -1.85  -1.85   0.34  -0.80   0.41   0.43  -0.92  -0.91
 2003  -0.31  -0.56  -1.38   0.49   1.06 -99.00 -99.00 -99.00 -99.00 -99.00 -99.00 -99.00 -99.00
