1893 1 0.427254
1893 2 1.264103
1893 3 1.245328
1893 4 2.395174
1893 5 -0.871478
1893 6 -3.215497
1893 7 -0.175185
1893 8 -0.388141
1893 9 -1.229173
1893 10 -0.812157
1893 11 -0.008674
1893 12 1.436095
1894 1 0.038469
1894 2 -0.309650
1894 3 -1.123778
1894 4 1.480898
1894 5 -1.261942
1894 6 -3.128480
1894 7 -3.222108
1894 8 -2.508665
1894 9 -2.652919
1894 10 -0.373063
1894 11 -1.536329
1894 12 -0.286000
1895 1 -0.491121
1895 2 -1.062961
1895 3 -2.166068
1895 4 -0.128516
1895 5 -2.119437
1895 6 1.705168
1895 7 -0.693693
1895 8 0.759204
1895 9 1.948769
1895 10 -0.958079
1895 11 -0.063392
1895 12 -0.807640
1896 1 -0.556003
1896 2 -0.882181
1896 3 -0.258779
1896 4 2.901775
1896 5 2.471035
1896 6 4.100200
1896 7 3.441687
1896 8 -0.135850
1896 9 0.186883
1896 10 2.194953
1896 11 3.490721
1896 12 0.103047
1897 1 2.317253
1897 2 0.304103
1897 3 2.525328
1897 4 2.586895
1897 5 -2.340442
1897 6 2.062460
1897 7 1.328077
1897 8 -0.472185
1897 9 -1.878268
1897 10 -0.009367
1897 11 -0.172679
1897 12 2.147211
1898 1 0.601939
1898 2 0.374126
1898 3 0.404851
1898 4 -0.396439
1898 5 3.533376
1898 6 2.258081
1898 7 1.587423
1898 8 0.943985
1898 9 -1.000187
1898 10 1.174706
1898 11 0.167343
1898 12 -0.207758
1899 1 0.390080
1899 2 0.873173
1899 3 0.849521
1899 4 -1.480756
1899 5 4.336692
1899 6 3.988911
1899 7 -0.493189
1899 8 0.452790
1899 9 -1.724823
1899 10 -0.361198
1899 11 -0.859338
1899 12 0.378313
1900 1 -0.344172
1900 2 0.566297
1900 3 0.953866
1900 4 1.950634
1900 5 -0.164195
1900 6 -1.866950
1900 7 5.346590
1900 8 0.272460
1900 9 2.120969
1900 10 0.328035
1900 11 -0.280045
1900 12 0.526037
1901 1 -0.056960
1901 2 0.844287
1901 3 1.617259
1901 4 -0.141990
1901 5 -0.442228
1901 6 1.175462
1901 7 -2.347576
1901 8 -1.095710
1901 9 8.441804
1901 10 0.896285
1901 11 0.819061
1901 12 1.373047
1902 1 1.417254
1902 2 0.604103
1902 3 0.826046
1902 4 -0.152968
1902 5 -1.007031
1902 6 0.147615
1902 7 1.417161
1902 8 2.526790
1902 9 3.230802
1902 10 -1.095427
1902 11 0.035069
1902 12 1.777001
1903 1 -0.182747
1903 2 0.964103
1903 3 -0.264672
1903 4 -0.054259
1903 5 4.782255
1903 6 0.504675
1903 7 2.172172
1903 8 4.363122
1903 9 -0.373176
1903 10 1.226949
1903 11 0.286947
1903 12 0.009839
1904 1 0.288083
1904 2 0.444103
1904 3 -0.220385
1904 4 0.682283
1904 5 1.395977
1904 6 1.831417
1904 7 0.275326
1904 8 3.091765
1904 9 -0.564311
1904 10 2.732034
1904 11 -0.548731
1904 12 -0.202700
1905 1 1.366623
1905 2 0.784103
1905 3 0.531151
1905 4 0.506007
1905 5 6.019774
1905 6 1.589514
1905 7 1.635284
1905 8 0.976890
1905 9 1.975431
1905 10 1.146594
1905 11 3.296772
1905 12 -0.126953
1906 1 0.467253
1906 2 1.364103
1906 3 1.465328
1906 4 1.266313
1906 5 -2.327258
1906 6 -0.960913
1906 7 -1.178295
1906 8 7.508317
1906 9 5.625248
1906 10 3.756184
1906 11 0.103328
1906 12 0.433047
1907 1 0.767253
1907 2 0.664103
1907 3 -0.868649
1907 4 -0.843493
1907 5 0.837033
1907 6 2.200406
1907 7 4.778519
1907 8 0.021315
1907 9 -0.157457
1907 10 -0.882785
1907 11 -0.977014
1907 12 0.431323
1908 1 -0.315594
1908 2 0.166470
1908 3 0.037026
1908 4 -0.181416
1908 5 1.214378
1908 6 3.022670
1908 7 1.896132
1908 8 1.666654
1908 9 -1.178825
1908 10 1.430424
1908 11 1.293120
1908 12 0.202841
1909 1 0.396594
1909 2 1.489513
1909 3 0.165328
1909 4 0.461902
1909 5 1.904520
1909 6 2.020904
1909 7 2.582326
1909 8 1.203711
1909 9 2.464271
1909 10 0.060198
1909 11 2.045879
1909 12 1.343047
1910 1 0.517253
1910 2 -0.085897
1910 3 -1.874005
1910 4 -2.380913
1910 5 -1.957272
1910 6 -2.442023
1910 7 -0.992716
1910 8 1.881262
1910 9 1.285118
1910 10 -0.297428
1910 11 -0.935359
1910 12 -0.609553
1911 1 -0.668452
1911 2 -0.715833
1911 3 -2.298828
1911 4 -1.898911
1911 5 -2.163693
1911 6 -1.196562
1911 7 -0.690244
1911 8 1.123494
1911 9 -2.147101
1911 10 3.408655
1911 11 -0.340831
1911 12 0.414813
1912 1 -0.190711
1912 2 -0.164624
1912 3 0.590017
1912 4 0.055407
1912 5 -1.683117
1912 6 -1.979628
1912 7 -0.012981
1912 8 1.233682
1912 9 1.877872
1912 10 0.160544
1912 11 -1.182047
1912 12 -0.360727
1913 1 -0.651895
1913 2 0.338395
1913 3 -0.070484
1913 4 3.176382
1913 5 5.914542
1913 6 -0.944439
1913 7 -0.159396
1913 8 -2.007145
1913 9 -1.362166
1913 10 -1.337722
1913 11 -1.466526
1913 12 -0.745499
1914 1 -0.609820
1914 2 -0.876087
1914 3 -1.920474
1914 4 -0.859370
1914 5 -1.412598
1914 6 0.632547
1914 7 -2.074877
1914 8 -0.611775
1914 9 2.368620
1914 10 -1.563313
1914 11 -1.732249
1914 12 -0.106699
1915 1 -0.500693
1915 2 2.343741
1915 3 0.028320
1915 4 -0.464084
1915 5 4.081153
1915 6 1.719928
1915 7 8.269513
1915 8 0.046812
1915 9 2.706235
1915 10 1.200915
1915 11 0.557471
1915 12 0.620665
1916 1 1.037254
1916 2 0.214103
1916 3 0.023144
1916 4 1.551822
1916 5 1.403135
1916 6 2.243210
1916 7 0.951107
1916 8 0.076798
1916 9 1.627735
1916 10 -0.392794
1916 11 -0.259259
1916 12 0.185628
1917 1 1.053264
1917 2 0.238367
1917 3 1.463375
1917 4 2.221179
1917 5 1.400304
1917 6 1.190553
1917 7 -0.583713
1917 8 0.502510
1917 9 -0.594020
1917 10 -0.908750
1917 11 -0.812078
1917 12 0.207694
1918 1 0.520282
1918 2 -0.077442
1918 3 -1.378763
1918 4 -0.667508
1918 5 3.801935
1918 6 -0.483172
1918 7 -0.947913
1918 8 1.414575
1918 9 -0.668492
1918 10 0.587689
1918 11 1.108690
1918 12 0.690930
1919 1 -0.174130
1919 2 2.064614
1919 3 0.250996
1919 4 1.194878
1919 5 0.252616
1919 6 0.949168
1919 7 -0.256066
1919 8 -0.997726
1919 9 -0.398996
1919 10 0.750322
1919 11 1.917624
1919 12 -0.142297
1920 1 -0.381257
1920 2 -0.127869
1920 3 0.861858
1920 4 5.972470
1920 5 2.835286
1920 6 1.459115
1920 7 -0.480761
1920 8 -0.527989
1920 9 -0.929337
1920 10 0.881806
1920 11 0.036167
1920 12 0.565032
1921 1 -0.265079
1921 2 -0.324852
1921 3 -1.604888
1921 4 -1.844140
1921 5 0.406319
1921 6 -2.832052
1921 7 2.116205
1921 8 -0.431609
1921 9 -0.134049
1921 10 -0.289677
1921 11 -0.675109
1921 12 -0.430324
1922 1 0.383106
1922 2 -0.147793
1922 3 -1.390081
1922 4 -0.191273
1922 5 -1.316742
1922 6 -1.006446
1922 7 0.752359
1922 8 -2.110479
1922 9 -2.648489
1922 10 -1.409015
1922 11 0.843403
1922 12 -0.812787
1923 1 -0.282627
1923 2 -1.233248
1923 3 -0.682785
1923 4 0.295917
1923 5 0.344381
1923 6 0.764639
1923 7 -0.122808
1923 8 7.395052
1923 9 4.303433
1923 10 -0.099080
1923 11 -0.122167
1923 12 0.553915
1924 1 0.127254
1924 2 1.114103
1924 3 1.535328
1924 4 -0.726342
1924 5 -0.856856
1924 6 3.382700
1924 7 0.313239
1924 8 1.050701
1924 9 0.637176
1924 10 -1.218177
1924 11 -0.971153
1924 12 1.613235
1925 1 0.550664
1925 2 -0.035718
1925 3 -0.956848
1925 4 -0.323149
1925 5 -2.600374
1925 6 0.845833
1925 7 -2.054220
1925 8 -2.712809
1925 9 -0.408507
1925 10 -0.355320
1925 11 -1.040759
1925 12 -0.331486
1926 1 -0.113965
1926 2 -1.297666
1926 3 -1.919549
1926 4 -2.980547
1926 5 -3.262500
1926 6 -3.698074
1926 7 -2.952028
1926 8 0.524287
1926 9 1.846199
1926 10 -1.061677
1926 11 0.573630
1926 12 -0.404609
1927 1 -0.824624
1927 2 0.702256
1927 3 1.547939
1927 4 3.488289
1927 5 1.915162
1927 6 -0.811871
1927 7 0.844100
1927 8 1.816307
1927 9 0.373104
1927 10 -1.339121
1927 11 -0.211314
1927 12 -0.135579
1928 1 -0.645783
1928 2 1.254065
1928 3 0.889367
1928 4 -1.594019
1928 5 1.002782
1928 6 -0.690774
1928 7 0.733661
1928 8 -1.153272
1928 9 -0.901123
1928 10 2.024957
1928 11 0.559404
1928 12 -0.412746
1929 1 0.183662
1929 2 0.494211
1929 3 -0.840345
1929 4 1.605379
1929 5 2.158028
1929 6 1.795552
1929 7 0.528955
1929 8 -0.214251
1929 9 1.105251
1929 10 1.318295
1929 11 0.232849
1929 12 -0.053752
1930 1 0.359180
1930 2 -0.592565
1930 3 -0.713987
1930 4 -0.392786
1930 5 1.560453
1930 6 0.403103
1930 7 -2.795704
1930 8 0.205991
1930 9 0.175601
1930 10 1.566038
1930 11 1.138043
1930 12 -0.200692
1931 1 -0.225363
1931 2 -0.325732
1931 3 -0.075990
1931 4 -0.410651
1931 5 -1.511335
1931 6 -3.097244
1931 7 -2.441899
1931 8 -3.117741
1931 9 -2.128998
1931 10 -1.197610
1931 11 1.371824
1931 12 -0.066229
1932 1 0.975127
1932 2 0.044630
1932 3 -0.582722
1932 4 -1.838592
1932 5 2.216701
1932 6 -0.055667
1932 7 -1.124451
1932 8 -0.023861
1932 9 -0.803472
1932 10 -0.500137
1932 11 -0.978709
1932 12 -0.424335
1933 1 -0.762049
1933 2 -0.416816
1933 3 0.720158
1933 4 -1.427223
1933 5 -1.215636
1933 6 -3.767289
1933 7 2.998123
1933 8 -0.288415
1933 9 -1.367998
1933 10 -1.925536
1933 11 -1.490976
1933 12 -0.033758
1934 1 -0.599563
1934 2 -1.025331
1934 3 0.084700
1934 4 -2.514276
1934 5 -5.450406
1934 6 0.621217
1934 7 -1.980752
1934 8 -3.331285
1934 9 1.392275
1934 10 -1.812288
1934 11 -0.532003
1934 12 -0.321140
1935 1 -0.061384
1935 2 -0.331714
1935 3 -1.739512
1935 4 2.002298
1935 5 -0.308186
1935 6 0.009195
1935 7 -1.708521
1935 8 0.950862
1935 9 -1.649469
1935 10 -1.386104
1935 11 -0.353828
1935 12 0.017336
1936 1 2.020368
1936 2 1.572981
1936 3 -0.041058
1936 4 -0.840978
1936 5 -1.077281
1936 6 -2.793887
1936 7 -4.723908
1936 8 -4.421030
1936 9 1.505351
1936 10 -1.459410
1936 11 -1.374133
1936 12 0.392354
1937 1 0.694821
1937 2 -0.736418
1937 3 -0.216206
1937 4 -0.239550
1937 5 -1.888644
1937 6 -1.438612
1937 7 -2.448701
1937 8 0.591875
1937 9 -1.998237
1937 10 1.742160
1937 11 -0.756595
1937 12 -0.518107
1938 1 0.234004
1938 2 0.769920
1938 3 -0.784767
1938 4 -1.059327
1938 5 0.231451
1938 6 -2.447300
1938 7 1.980181
1938 8 -2.452979
1938 9 4.321552
1938 10 -1.801893
1938 11 1.209984
1938 12 -0.448872
1939 1 0.600584
1939 2 1.294480
1939 3 1.094576
1939 4 -0.282273
1939 5 -1.933670
1939 6 1.432108
1939 7 -1.306051
1939 8 0.030790
1939 9 -2.852844
1939 10 -1.649663
1939 11 -1.757124
1939 12 -0.598254
1940 1 -0.467910
1940 2 -0.468584
1940 3 0.925996
1940 4 1.140963
1940 5 -3.325086
1940 6 -0.438285
1940 7 -0.846395
1940 8 -1.319557
1940 9 -3.035241
1940 10 -0.175830
1940 11 0.833349
1940 12 0.474223
1941 1 1.233607
1941 2 1.657128
1941 3 -0.168441
1941 4 2.896144
1941 5 -2.682139
1941 6 1.339553
1941 7 -1.568431
1941 8 -2.482360
1941 9 1.033021
1941 10 0.002000
1941 11 -1.029357
1941 12 -0.096720
1942 1 -0.344664
1942 2 0.609190
1942 3 0.738636
1942 4 -2.226181
1942 5 0.536934
1942 6 2.060276
1942 7 0.174973
1942 8 -1.075982
1942 9 1.472825
1942 10 -0.943405
1942 11 -0.674937
1942 12 -0.494975
1943 1 0.113949
1943 2 -0.382798
1943 3 0.437637
1943 4 -1.291907
1943 5 -1.545195
1943 6 -0.043064
1943 7 -0.984886
1943 8 -2.539610
1943 9 -2.586385
1943 10 -0.120011
1943 11 -0.716157
1943 12 -1.062582
1944 1 0.609929
1944 2 0.434728
1944 3 -0.644184
1944 4 1.037087
1944 5 2.321511
1944 6 0.405681
1944 7 3.621922
1944 8 6.853561
1944 9 0.111742
1944 10 -0.655741
1944 11 0.670260
1944 12 0.157372
1945 1 0.693726
1945 2 0.766201
1945 3 0.012604
1945 4 0.381253
1945 5 1.089117
1945 6 0.375092
1945 7 -0.922686
1945 8 1.058784
1945 9 -1.071867
1945 10 -1.875693
1945 11 -0.751627
1945 12 0.825201
1946 1 -0.533234
1946 2 -0.508483
1946 3 -0.296634
1946 4 -2.731521
1946 5 -0.235586
1946 6 -2.429127
1946 7 -3.122273
1946 8 -1.708820
1946 9 1.301143
1946 10 1.498563
1946 11 1.433499
1946 12 -0.197981
1947 1 0.646483
1947 2 -0.457678
1947 3 -0.539148
1947 4 0.119650
1947 5 0.244108
1947 6 1.362667
1947 7 -0.588552
1947 8 -1.647301
1947 9 -1.408828
1947 10 0.487241
1947 11 0.846619
1947 12 0.079217
1948 1 -0.574806
1948 2 0.961580
1948 3 -0.733748
1948 4 -1.316936
1948 5 -3.076073
1948 6 1.528428
1948 7 -0.154272
1948 8 -0.150032
1948 9 -2.224495
1948 10 -0.183460
1948 11 1.310654
1948 12 0.387337
1949 1 1.707239
1949 2 -0.558074
1949 3 3.095417
1949 4 -0.790764
1949 5 0.248031
1949 6 -1.705315
1949 7 1.241239
1949 8 -1.729272
1949 9 3.995922
1949 10 -0.274097
1949 11 -1.199304
1949 12 -0.290170
1950 1 -0.142908
1950 2 0.471111
1950 3 0.376329
1950 4 -0.452382
1950 5 1.631773
1950 6 2.643897
1950 7 1.423906
1950 8 0.380234
1950 9 -0.571284
1950 10 -0.478822
1950 11 -0.203994
1950 12 -0.597727
1951 1 -0.634437
1951 2 0.383949
1951 3 1.794418
1951 4 3.871062
1951 5 0.493673
1951 6 3.522948
1951 7 0.816811
1951 8 5.713848
1951 9 3.122071
1951 10 1.737677
1951 11 0.361098
1951 12 0.493047
1952 1 0.817253
1952 2 0.694103
1952 3 1.435328
1952 4 -0.446709
1952 5 1.397689
1952 6 -3.056677
1952 7 -0.755327
1952 8 0.860188
1952 9 -2.183403
1952 10 -1.704420
1952 11 -0.658637
1952 12 -0.068742
1953 1 -0.417811
1953 2 0.795808
1953 3 -0.813573
1953 4 2.482251
1953 5 2.001602
1953 6 -0.985894
1953 7 1.316838
1953 8 0.599166
1953 9 -0.967570
1953 10 -1.656175
1953 11 -0.132083
1953 12 0.751735
1954 1 -0.678589
1954 2 0.624174
1954 3 0.206962
1954 4 -0.158061
1954 5 0.365721
1954 6 1.599044
1954 7 -0.734837
1954 8 1.218087
1954 9 -0.562847
1954 10 0.658466
1954 11 -1.133113
1954 12 -0.388571
1955 1 -0.487389
1955 2 0.079276
1955 3 -1.030747
1955 4 -1.737055
1955 5 -3.554981
1955 6 0.956560
1955 7 -3.505824
1955 8 -4.686955
1955 9 -2.637237
1955 10 -2.042982
1955 11 -1.552246
1955 12 -0.174765
1956 1 -0.781821
1956 2 -1.362325
1956 3 -2.491613
1956 4 -1.396412
1956 5 -2.497103
1956 6 -4.510359
1956 7 -0.183316
1956 8 -2.374630
1956 9 -2.822244
1956 10 -2.199328
1956 11 -1.144491
1956 12 -0.990141
1957 1 -0.985694
1957 2 -1.502358
1957 3 -0.619875
1957 4 -1.647555
1957 5 0.853224
1957 6 -0.273131
1957 7 -0.993097
1957 8 -1.481677
1957 9 0.165651
1957 10 0.160092
1957 11 0.441706
1957 12 -0.867673
1958 1 -0.643778
1958 2 0.386977
1958 3 -0.586056
1958 4 1.363336
1958 5 -2.799835
1958 6 -2.439166
1958 7 1.871314
1958 8 -2.921640
1958 9 -2.620320
1958 10 -2.488315
1958 11 -1.198822
1958 12 -1.077842
1959 1 -0.855318
1959 2 -0.797462
1959 3 -0.172160
1959 4 -1.661647
1959 5 2.683172
1959 6 -1.769961
1959 7 -1.656815
1959 8 -0.533867
1959 9 -1.501127
1959 10 1.295178
1959 11 2.561571
1959 12 0.589753
1960 1 0.354251
1960 2 -0.099228
1960 3 1.474377
1960 4 0.749911
1960 5 4.101199
1960 6 0.217386
1960 7 -0.745656
1960 8 4.573765
1960 9 -0.534825
1960 10 -0.464888
1960 11 0.058940
1960 12 -0.073361
1961 1 -0.174431
1961 2 0.000340
1961 3 0.211982
1961 4 -0.729635
1961 5 0.063751
1961 6 -2.163671
1961 7 0.441416
1961 8 -1.849393
1961 9 -0.212325
1961 10 -1.046150
1961 11 -0.667290
1961 12 -0.091249
1962 1 -0.819654
1962 2 0.591146
1962 3 1.237303
1962 4 -0.622865
1962 5 2.112085
1962 6 4.554223
1962 7 2.028915
1962 8 0.192755
1962 9 2.537625
1962 10 -0.859715
1962 11 -1.071395
1962 12 -0.054842
1963 1 0.066270
1963 2 -0.440722
1963 3 -0.663798
1963 4 -0.857550
1963 5 -1.631005
1963 6 3.650979
1963 7 3.753254
1963 8 1.004512
1963 9 -0.422046
1963 10 -1.736878
1963 11 -1.290531
1963 12 -0.646367
1964 1 -0.296503
1964 2 -0.778174
1964 3 0.153526
1964 4 0.531949
1964 5 -1.663324
1964 6 -0.638696
1964 7 0.357578
1964 8 3.754701
1964 9 1.193106
1964 10 -1.131461
1964 11 -0.513988
1964 12 0.073035
1965 1 -0.567319
1965 2 0.435601
1965 3 -0.606286
1965 4 -0.410189
1965 5 1.079027
1965 6 0.193901
1965 7 -0.519980
1965 8 -0.122291
1965 9 4.806509
1965 10 -0.871737
1965 11 -0.628131
1965 12 -0.017578
1966 1 -0.168973
1966 2 0.385008
1966 3 -0.213858
1966 4 -0.550522
1966 5 -2.781065
1966 6 1.081304
1966 7 -0.720441
1966 8 1.995936
1966 9 -0.249942
1966 10 -0.051718
1966 11 -1.001283
1966 12 -0.141759
1967 1 -0.231481
1967 2 -1.067250
1967 3 -2.326112
1967 4 -1.937121
1967 5 -0.504553
1967 6 6.447937
1967 7 -1.088272
1967 8 0.355307
1967 9 -1.991246
1967 10 -0.783282
1967 11 -1.240387
1967 12 -0.554972
1968 1 -0.326006
1968 2 -1.247226
1968 3 -2.291114
1968 4 -0.294278
1968 5 -3.069132
1968 6 -3.364327
1968 7 -3.478637
1968 8 -0.336613
1968 9 -0.634356
1968 10 4.482321
1968 11 -0.302155
1968 12 1.543150
1969 1 0.834022
1969 2 0.694875
1969 3 0.478926
1969 4 -1.691817
1969 5 -1.484474
1969 6 2.342290
1969 7 1.959798
1969 8 -0.311994
1969 9 0.051562
1969 10 2.003454
1969 11 -0.631983
1969 12 0.345034
1970 1 -0.393926
1970 2 -0.629782
1970 3 0.518596
1970 4 0.285752
1970 5 0.286220
1970 6 -0.531538
1970 7 -2.491266
1970 8 -2.178721
1970 9 -0.278486
1970 10 1.334382
1970 11 0.923453
1970 12 0.177057
1971 1 -0.395858
1971 2 1.557147
1971 3 -0.265231
1971 4 -1.193672
1971 5 -1.838409
1971 6 3.859740
1971 7 -0.086239
1971 8 -2.562439
1971 9 -1.757701
1971 10 1.049075
1971 11 0.625521
1971 12 0.099346
1972 1 -0.486376
1972 2 -0.319115
1972 3 -1.311716
1972 4 -0.580901
1972 5 3.526187
1972 6 0.756665
1972 7 2.240909
1972 8 -0.491063
1972 9 -0.755393
1972 10 0.208850
1972 11 0.141693
1972 12 0.670557
1973 1 0.474650
1973 2 -0.043496
1973 3 3.905273
1973 4 0.286654
1973 5 0.864457
1973 6 -1.480336
1973 7 -0.255231
1973 8 -3.481505
1973 9 3.118294
1973 10 -1.085865
1973 11 0.311246
1973 12 0.044002
1974 1 -0.570795
1974 2 -0.919784
1974 3 -1.144521
1974 4 -1.729053
1974 5 -2.248020
1974 6 -1.218922
1974 7 -3.723064
1974 8 -0.370100
1974 9 -1.245653
1974 10 -1.594455
1974 11 -1.556694
1974 12 -0.877681
1975 1 -0.083360
1975 2 -1.424252
1975 3 -0.987310
1975 4 -0.738554
1975 5 -2.835499
1975 6 0.065267
1975 7 -3.733213
1975 8 -0.870779
1975 9 -1.928904
1975 10 -2.196739
1975 11 1.546554
1975 12 -0.901863
1976 1 -0.627295
1976 2 -1.167849
1976 3 -0.655050
1976 4 -1.301827
1976 5 -2.730897
1976 6 -3.517577
1976 7 -2.287208
1976 8 -2.606190
1976 9 -2.077743
1976 10 -1.499663
1976 11 -1.561817
1976 12 -1.105661
1977 1 -1.113938
1977 2 -1.243930
1977 3 -0.030925
1977 4 -0.175573
1977 5 -1.634733
1977 6 -2.902655
1977 7 -2.289138
1977 8 -0.970775
1977 9 0.124743
1977 10 0.115791
1977 11 -0.259829
1977 12 0.068630
1978 1 -0.783941
1978 2 -0.006630
1978 3 -1.703051
1978 4 0.350636
1978 5 -0.641497
1978 6 -3.552614
1978 7 3.503010
1978 8 -0.865590
1978 9 -2.751906
1978 10 -1.500605
1978 11 -0.779343
1978 12 -0.263835
1979 1 0.397341
1979 2 -0.964802
1979 3 2.761077
1979 4 -0.151859
1979 5 2.443985
1979 6 0.427670
1979 7 2.555738
1979 8 1.420751
1979 9 0.882151
1979 10 1.600585
1979 11 2.472083
1979 12 0.063047
1980 1 0.197253
1980 2 -0.055897
1980 3 0.109950
1980 4 -0.812675
1980 5 -1.261545
1980 6 -2.698733
1980 7 -3.376487
1980 8 3.231390
1980 9 -1.462435
1980 10 -0.447415
1980 11 -1.646774
1980 12 -0.771389
1981 1 -1.041016
1981 2 -0.872001
1981 3 -0.968403
1981 4 -4.131783
1981 5 -2.767512
1981 6 -2.080976
1981 7 0.382090
1981 8 -1.621353
1981 9 -2.426654
1981 10 -1.386239
1981 11 -1.087069
1981 12 0.465251
1982 1 0.335313
1982 2 -1.223676
1982 3 -1.097571
1982 4 -1.559259
1982 5 2.640757
1982 6 -0.809702
1982 7 -1.312412
1982 8 -2.081956
1982 9 -0.554400
1982 10 1.770852
1982 11 1.663498
1982 12 2.020333
1983 1 0.642100
1983 2 0.330791
1983 3 3.549548
1983 4 1.097773
1983 5 -0.707900
1983 6 3.538632
1983 7 -1.460798
1983 8 -2.479198
1983 9 -0.631976
1983 10 -0.663324
1983 11 1.267587
1983 12 -0.729172
1984 1 -0.457302
1984 2 -0.168397
1984 3 2.526538
1984 4 3.881467
1984 5 -0.244260
1984 6 2.780809
1984 7 -0.487039
1984 8 -2.281539
1984 9 -1.275146
1984 10 3.085435
1984 11 -0.562847
1984 12 -0.213121
1985 1 -0.401125
1985 2 -0.209659
1985 3 1.208413
1985 4 1.444821
1985 5 -2.198812
1985 6 0.848536
1985 7 -2.091571
1985 8 2.313077
1985 9 2.077363
1985 10 -0.447001
1985 11 0.017983
1985 12 -0.393361
1986 1 -0.373608
1986 2 -0.168734
1986 3 0.071779
1986 4 0.738107
1986 5 2.150149
1986 6 1.096301
1986 7 -0.309108
1986 8 -0.085680
1986 9 2.753051
1986 10 1.632687
1986 11 -0.271136
1986 12 -0.102087
1987 1 -0.137547
1987 2 -0.477968
1987 3 4.146036
1987 4 -1.872457
1987 5 -2.022436
1987 6 -0.045271
1987 7 0.736200
1987 8 -0.785325
1987 9 0.208715
1987 10 -1.399973
1987 11 -0.099087
1987 12 0.470951
1988 1 0.277504
1988 2 -0.709565
1988 3 -1.765493
1988 4 0.606111
1988 5 -0.913795
1988 6 -4.491339
1988 7 -1.380956
1988 8 -0.163418
1988 9 -0.364253
1988 10 -1.702677
1988 11 -0.788930
1988 12 -1.050227
1989 1 -0.521268
1989 2 -1.072892
1989 3 -1.498418
1989 4 -2.548699
1989 5 -3.764886
1989 6 -3.105444
1989 7 -3.058416
1989 8 -1.836499
1989 9 -0.704345
1989 10 -2.072373
1989 11 -1.364312
1989 12 -0.748145
1990 1 -0.638247
1990 2 -1.581061
1990 3 -1.846566
1990 4 -2.164205
1990 5 1.747217
1990 6 -3.277401
1990 7 -2.283749
1990 8 -1.761987
1990 9 -2.416772
1990 10 -0.220492
1990 11 -0.794398
1990 12 -0.645408
1991 1 -0.682596
1991 2 -1.403254
1991 3 -1.628444
1991 4 -0.408558
1991 5 -0.126688
1991 6 0.324739
1991 7 -2.152008
1991 8 -2.607366
1991 9 -1.703270
1991 10 -0.350376
1991 11 1.193901
1991 12 -0.414712
1992 1 -0.130196
1992 2 0.155584
1992 3 1.473570
1992 4 -0.600665
1992 5 -1.741189
1992 6 0.901027
1992 7 2.075180
1992 8 5.098631
1992 9 2.328829
1992 10 4.755411
1992 11 1.571689
1992 12 1.183047
1993 1 0.257253
1993 2 0.984103
1993 3 0.217350
1993 4 2.271807
1993 5 2.577781
1993 6 1.120189
1993 7 4.899960
1993 8 2.425741
1993 9 0.895896
1993 10 0.168495
1993 11 1.386017
1993 12 0.303047
1994 1 0.747254
1994 2 0.814103
1994 3 -0.879065
1994 4 0.306997
1994 5 -2.937420
1994 6 0.844485
1994 7 0.900882
1994 8 -0.066024
1994 9 1.465183
1994 10 -0.758087
1994 11 -0.529976
1994 12 0.178364
1995 1 -0.447171
1995 2 -0.884025
1995 3 3.339718
1995 4 3.376640
1995 5 3.732644
1995 6 -1.789293
1995 7 -0.986361
1995 8 1.461885
1995 9 0.574590
1995 10 2.838352
1995 11 0.726433
1995 12 -0.286964
1996 1 0.267596
1996 2 -0.447028
1996 3 -0.021490
1996 4 -1.114897
1996 5 0.135998
1996 6 -1.011291
1996 7 2.841504
1996 8 0.633858
1996 9 1.029443
1996 10 -0.250051
1996 11 3.199812
1996 12 0.730168
1997 1 0.437254
1997 2 0.794103
1997 3 -0.272632
1997 4 0.844911
1997 5 3.366102
1997 6 -1.879893
1997 7 2.569870
1997 8 -0.755224
1997 9 1.991612
1997 10 2.786973
1997 11 -0.361253
1997 12 0.215351
1998 1 0.141157
1998 2 -0.313734
1998 3 2.285574
1998 4 3.215690
1998 5 -0.864447
1998 6 2.057317
1998 7 0.185374
1998 8 0.315160
1998 9 -2.053196
1998 10 2.647743
1998 11 2.012495
1998 12 0.054200
1999 1 0.034279
1999 2 0.591197
1999 3 -0.198468
1999 4 3.023629
1999 5 2.139361
1999 6 6.220185
1999 7 8.501112
1999 8 -1.370471
1999 9 -1.860822
1999 10 -1.108314
1999 11 -1.613428
1999 12 -0.913898
2000 1 -0.911423
2000 2 0.040511
2000 3 -1.694491
2000 4 -1.064391
2000 5 -0.218512
2000 6 0.080799
2000 7 -1.938936
2000 8 -0.151580
2000 9 -1.835381
2000 10 0.477223
2000 11 2.158195
2000 12 -0.591323
2001 1 0.988916
2001 2 -0.496604
2001 3 -0.780092
2001 4 0.482540
2001 5 -0.039681
2001 6 -3.086423
2001 7 3.633689
2001 8 -0.867786
2001 9 1.226613
2001 10 0.205579
2001 11 2.730718
2001 12 -0.389820
2002 1 -0.303435
2002 2 -0.202355
2002 3 -0.853648
2002 4 -0.924469
2002 5 -1.092757
2002 6 -3.106917
2002 7 -3.740968
2002 8 1.494145
2002 9 -1.912904
2002 10 1.334380
2002 11 -1.096676
2002 12 -0.809726
2003 1 -0.472334
2003 2 -0.944044
2003 3 -0.610113
2003 4 -0.242688
2003 5 -99.000000
2003 6 -99.000000
2003 7 -99.000000
2003 8 -99.000000
2003 9 -99.000000
2003 10 -99.000000
2003 11 -99.000000
2003 12 -99.000000
