 1893   0.25   0.90   1.35   2.16   1.66  -1.29  -1.21  -1.23  -1.55  -1.73  -1.55   0.86
 1894   0.80  -0.16  -0.64   0.59  -0.41  -1.37  -2.31  -2.98  -3.64  -3.42  -3.77  -3.56
 1895  -3.48  -3.69  -4.26  -3.87  -4.16  -3.18  -3.08  -2.49  -1.53  -1.77  -1.62  -1.94
 1896  -2.06  -2.32  -2.20  -0.82   1.82   2.96   3.81   3.37   3.09   3.69   4.92   4.48
 1897   5.37   4.98   5.58   6.03   4.65   4.84   4.79   4.12   3.02   2.70   2.35   3.39
 1898   3.40   3.25   3.09   2.62   3.48   3.85   3.99   3.92   3.15   3.32   3.06   2.62
 1899   2.58   2.77   2.86   1.98   3.17   4.13   3.54   3.34   2.37   1.98   1.38   1.46
 1900   1.11   1.30   1.58   2.19   1.91   1.11   2.79   2.60   3.10   2.92   2.49   2.55
 1901   2.25   2.47   2.93   2.57   2.17   2.32   1.29   0.76   3.74   3.73   3.72   4.16
 1902   4.56   4.41   4.32   3.82   3.10   2.83   3.01   3.62   4.42   3.50   3.16   3.90
 1903   3.39   3.55   3.07   2.73   3.99   3.74   4.08   5.25   4.57   4.62   4.27   3.84
 1904   3.61   3.48   3.02   2.98   3.12   3.39   3.13   3.93   3.32   4.13   3.45   2.97
 1905   3.47   3.53   3.40   3.25   4.85   4.86   4.91   4.76   4.98   4.95   5.96   5.27
 1906   5.00   5.21   5.32   5.27   3.98   3.26   2.53   5.00   6.51   7.42   6.70   6.27
 1907   6.08   5.80   4.82   3.99   3.85   4.16   5.34   4.79   4.24   3.44   2.63   2.62
 1908   2.17   2.03   1.84   1.58   1.80   2.59   2.96   3.26   2.50   2.84   3.15   2.94
 1909   2.87   3.37   3.10   2.96   3.27   3.58   4.08   4.10   4.56   4.12   4.64   4.97
 1910   4.76   4.22   2.96   1.71   0.91  -2.73  -2.79  -1.82  -1.16  -1.17  -1.48  -1.69
 1911  -1.91  -2.09  -2.89  -3.35  -3.70  -3.70  -3.55  -2.78  -3.27  -1.50  -1.50  -1.10
 1912  -1.10  -1.07  -0.70  -0.61  -1.09  -1.61  -1.45  -0.85   1.08   1.04  -0.55  -0.71
 1913  -1.01  -0.73  -0.69   1.37   3.13   2.50   2.19   1.24   0.62  -1.83  -2.31  -2.52
 1914  -2.62  -2.82  -3.37  -3.37  -3.47  -2.91  -3.31  -3.19  -2.00  -2.45  -3.00  -2.76
 1915  -2.76  -1.23  -1.09  -1.16   2.06   2.40   4.93   4.44   4.96   4.95   4.70   4.59
 1916   4.72   4.35   3.91   4.12   4.15   4.44   4.30   3.89   4.08   3.49   3.01   2.81
 1917   3.14   2.94   3.29   3.83   3.88   3.87   3.27   3.12   2.58   1.93   1.36   1.34
 1918   1.51   1.31   0.57  -1.06   1.22   0.94  -0.46   0.51   0.22   0.44   0.91   1.23
 1919   1.00   2.00   1.90   2.18   2.03   2.13   1.83   1.28   1.00   1.21   1.97   1.68
 1920   1.29   1.09   1.36   3.58   4.12   4.16   3.57   3.01   2.37   2.49   2.25   2.36
 1921   1.96   1.59   0.72  -1.62  -1.32  -2.10  -1.17  -1.21  -1.13  -1.14  -1.33  -1.45
 1922  -1.08  -1.05  -1.55  -1.47  -1.74  -1.88  -1.44  -2.06  -2.80  -3.10  -2.40  -2.64
 1923  -2.53  -2.93  -2.93  -2.51  -2.14  -1.67  -1.54   3.00   4.25   3.77   3.32   3.31
 1924   3.05   3.33   3.66   3.00   2.41   3.26   3.02   3.09   3.01   2.19   1.51   2.33
 1925   2.41   2.14   1.50   1.22  -1.30  -0.90  -1.49  -2.32  -2.23  -2.15  -2.41  -2.36
 1926  -2.18  -2.65  -3.22  -4.07  -4.70  -5.41  -5.84  -5.05  -3.86  -3.91  -3.24  -3.15
 1927  -3.31  -2.59  -1.64   2.29   2.67   2.13   2.20   2.63   2.49   1.68   1.41   1.18
 1928   0.68   1.28   1.54   0.75   0.99   0.67   0.85  -0.55  -0.82   0.85   1.02   0.67
 1929   0.71   0.90  -0.37   0.63   1.26   1.71   1.71   1.46   1.71   2.08   1.98   1.74
 1930   1.77   1.27   0.83   0.59   1.03   1.05  -0.94  -0.77  -0.62   0.77   1.22   0.97
 1931   0.74  -0.39  -0.38  -0.50  -0.94  -1.84  -2.47  -3.35  -3.77  -3.89  -2.85  -2.60
 1932  -1.76  -1.56  -1.65  -2.21  -1.27  -1.16  -1.41  -1.28  -1.44  -1.50  -1.80  -1.87
 1933  -2.12  -2.12  -1.59  -1.99  -2.17  -3.16  -1.83  -1.75  -2.06  -2.66  -3.07  -2.78
 1934  -2.84  -3.09  -2.74  -3.45  -4.84  -4.15  -4.38  -5.14  -4.11  -4.45  -4.23  -3.99
 1935  -3.61  -3.42  -3.83  -2.65  -2.47  -2.22  -2.56  -1.95  -2.35  -2.69  -2.57  -2.30
 1936  -0.88   1.90   1.69   1.18   0.72  -1.49  -2.92  -4.23  -3.25  -3.53  -3.80  -3.17
 1937  -2.44  -2.58  -2.41  -2.25  -2.63  -2.82  -3.35  -2.79  -3.23  -2.16  -2.29  -2.36
 1938  -1.98  -1.37  -1.58  -1.83  -1.57  -2.20  -1.31  -2.06   1.56   0.64   1.14   0.75
 1939   1.02   1.61   1.92   1.61   0.83   1.20   0.64   0.59  -1.51  -2.04  -2.64  -2.73
 1940  -2.72  -2.69  -2.01  -1.35  -2.28  -2.18  -2.24  -2.49  -3.33  -3.06  -2.36  -1.83
 1941  -0.92   2.04   1.75   2.72   1.57   1.84   1.13  -1.65  -1.10  -0.99  -1.36  -1.28
 1942  -1.35  -0.89   0.62  -0.88  -0.62   0.82   0.79  -0.39   0.53   0.08  -0.67  -0.90
 1943  -0.74  -0.86  -0.58  -1.03  -1.42  -1.29  -1.49  -2.26  -2.96  -2.70  -2.76  -3.11
 1944  -2.43  -1.95  -2.03  -1.42   1.28   1.28   2.36   4.61   4.17   3.47   3.42   3.16
 1945   3.24   3.32   2.98   2.82   2.88   2.71   2.12   2.28   1.66   0.70  -1.36  -0.73
 1946  -0.97  -1.14  -1.15  -2.11  -1.97  -2.55  -3.33  -3.61  -2.77  -1.85  -1.00  -1.02
 1947   1.56   1.16   0.80   0.77   0.76   1.13   0.81  -0.77  -1.20  -0.88   0.57   0.56
 1948  -0.34   0.51   0.13  -0.40  -1.35  -0.72  -0.69  -0.68  -1.41  -1.34  -0.60   0.78
 1949   1.69   1.22   2.46   1.90   1.78   1.05   1.36   0.59   1.97   1.65   0.93   0.66
 1950  -0.77   0.25   0.39   0.17   0.68   1.46   1.79   1.74   1.36   1.02   0.82  -0.75
 1951  -1.05  -0.74   0.98   2.40   2.32   3.21   3.16   4.90   5.53   5.69   5.27   5.02
 1952   4.98   4.84   4.97   4.29   4.29   2.87   2.32   2.39   1.36  -1.99  -2.09  -1.92
 1953  -1.96  -1.34  -1.56   1.00   1.54   1.06   1.40   1.47   0.97  -1.01  -0.97   0.45
 1954   0.01   0.34   0.40   0.29   0.38   0.86  -0.25   0.44   0.19   0.45  -0.52  -0.70
 1955  -0.92  -0.78  -1.15  -1.72  -2.69  -2.10  -3.06  -4.45  -4.94  -5.29  -5.46  -5.00
 1956  -4.95  -5.16  -5.73  -5.69  -5.91  -6.75  -6.12  -6.35  -6.72  -6.95  -6.76  -6.66
 1957  -6.55  -6.67  -6.26  -6.27  -5.35  -4.88  -4.71  -4.77  -4.22  -3.71  -3.13  -3.33
 1958  -3.36  -2.81  -2.78  -1.95  -2.65  -3.16  -2.21  -3.04  -3.68  -4.34  -4.45  -4.64
 1959  -4.66  -4.60  -4.21  -4.43  -3.11  -3.36  -3.57  -3.40  -3.59  -2.68  -1.22  -0.74
 1960   1.87   1.62   2.11   2.19   3.28   3.01   2.45   3.86   3.27   2.74   2.48   2.18
 1961   1.85   1.66   1.59   1.13   1.04  -1.07  -0.81  -1.40  -1.33  -1.63  -1.77  -1.64
 1962  -1.95  -1.44  -0.74  -0.91   1.12   2.48   2.90   2.67   3.32   2.61   1.85   1.63
 1963   1.50   1.11   0.70  -1.26  -1.65   1.18   2.31   2.44   2.04   1.10  -1.37  -1.62
 1964  -1.63  -1.87  -1.61  -1.24  -1.64  -1.68  -1.39   1.47   1.75   1.09   0.75   0.71
 1965  -0.83   0.23  -0.27  -0.40   0.35   0.37   0.16   0.10   1.83   1.27   0.85   0.75
 1966   0.58   0.72   0.55  -0.57  -1.41  -0.92  -1.06   0.79   0.62  -0.10  -0.55  -0.58
 1967  -0.66  -1.16  -2.07  -2.62  -2.51   2.08   1.50   1.47   0.60  -1.13  -1.59  -1.76
 1968  -1.77  -2.25  -3.03  -2.83  -3.53  -4.25  -4.98  -4.59  -4.34  -2.02  -1.95  -0.82
 1969   2.57   2.67   2.61   1.67   1.02   1.67   2.16   1.82   1.65   2.32   1.79   1.81
 1970   1.40   0.92   1.05   1.06   1.04   0.76  -1.03  -1.71  -1.64  -0.91   0.93   0.94
 1971   0.61   1.38   1.12  -0.58  -1.11   1.24   1.09  -0.96  -1.49  -0.90   0.68   0.67
 1972  -0.28  -0.42  -0.96  -1.09   1.13   1.26   1.88   1.51   1.08   1.06   1.01   1.31
 1973   1.45   1.28   2.87   2.69   2.69   1.94   1.65  -1.72   1.13   0.56   0.64   0.60
 1974  -0.52  -0.96  -1.37  -1.91  -2.43  -2.58  -3.56  -3.33  -3.43  -3.75  -4.08  -4.19
 1975  -3.81  -4.17  -4.18  -4.04  -4.53  -4.05  -4.88  -4.69  -4.91  -5.33  -4.06  -4.19
 1976  -4.12  -4.32  -4.16  -4.25  -4.69  -5.34  -5.56  -5.93  -6.07  -6.07  -6.17  -6.20
 1977  -6.21  -6.23  -5.60  -5.10  -5.10  -5.51  -5.71  -5.47  -4.86  -4.31  -3.99  -3.54
 1978  -3.63  -3.26  -3.68  -3.16  -3.04  -3.87  -2.30  -2.38  -3.13  -3.43  -3.44  -3.24
 1979  -2.68  -2.91  -1.40  -1.31   1.71   1.67   2.36   2.63   2.68   3.08   3.90   3.54
 1980   3.29   2.92   2.67   2.07   1.45  -1.49  -2.47  -1.04  -1.46  -1.50  -2.11  -2.35
 1981  -2.72  -2.90  -3.03  -4.35  -4.79  -4.97  -4.33  -4.47  -4.89  -4.97  -4.96  -4.17
 1982  -3.54  -3.83  -3.92  -4.13  -2.86  -2.82  -2.97  -3.42  -3.27  -2.19  -1.20   2.50
 1983   2.62   2.52   3.83   3.87   3.24   4.05   3.14   1.92   1.49   1.06   1.54   0.94
 1984   0.58  -1.27   1.12   2.53   2.19   2.87   2.41   1.33   0.73   1.95   1.49   1.21
 1985   0.85   0.65   1.12   1.57   0.71   0.91  -1.02   0.84   1.50   1.16   1.05   0.71
 1986  -0.56  -0.59   0.03   0.32   0.98   1.23   1.00   0.87   1.77   2.27   1.92   1.66
 1987   1.41   1.01   2.73   1.71   0.89   0.78   0.95   0.56   0.58  -1.34  -1.25  -0.84
 1988  -0.59  -0.91  -1.59  -1.19  -1.36  -2.67  -2.86  -2.62  -2.48  -2.94  -3.00  -3.32
 1989  -3.29  -3.52  -3.82  -4.43  -5.18  -5.65  -6.10  -6.13  -5.76  -6.03  -6.04  -5.87
 1990  -5.64  -5.90  -6.11  -6.33  -5.12  -5.65  -5.83  -5.87  -6.14  -5.60  -5.39  -5.22
 1991  -5.08  -5.31  -5.48  -5.08  -4.59  -4.02  -4.32  -4.83  -4.94  -4.58  -3.56  -3.44
 1992  -3.16  -2.75  -1.82  -1.87  -2.24  -1.72  -0.84   2.71   3.27   4.93   5.15   5.33
 1993   4.93   4.95   4.53   4.96   5.28   5.10   6.22   6.46   6.11   5.56   5.62   5.23
 1994   5.12   5.03   4.12   3.82   2.48   2.50   2.54   2.26   2.56   1.97   1.53   1.48
 1995   1.06  -1.00   1.47   2.66   3.58   2.64   2.03   2.36   2.32   3.27   3.27   2.76
 1996   2.63   2.12   1.90   1.26   1.17   0.73   1.61   1.67   1.87   1.57   2.89   3.03
 1997   2.97   3.09   2.65   2.71   3.51   2.55   3.14   2.55   3.00   3.86   3.30   3.09
 1998   2.85   2.39   3.16   4.10   3.40   3.71   3.39   3.16   2.09   2.99   3.61   3.27
 1999   2.95   2.96   2.57   3.50   3.83   5.44   7.73   6.44   5.10   4.11   2.94   2.09
 2000   1.34   1.23  -2.89  -3.01  -2.77  -2.46  -2.86  -2.62  -3.01  -2.50  -1.25  -1.47
 2001  -0.74  -0.93  -1.18  -0.87  -0.79  -1.70   1.22   0.78   1.14   1.11   2.26   1.79
 2002   1.43   1.17   0.68  -1.07  -1.31  -2.18  -3.21  -2.34  -2.79  -1.94  -2.25  -2.50
 2003  -2.52  -2.76  -2.75  -2.56 -99.00 -99.00 -99.00 -99.00 -99.00 -99.00 -99.00 -99.00
