 1893   0.25   0.90   1.35   2.16   1.21  -1.29  -1.21  -1.23  -1.55  -1.73  -1.48   0.86
 1894   0.71  -0.16  -0.64   0.59  -0.41  -1.37  -2.31  -2.98  -3.64  -3.42  -3.77  -3.56
 1895  -3.48  -3.69  -4.26  -3.87  -4.16  -2.48  -2.61  -1.66   0.10  -0.60  -0.49  -1.26
 1896  -1.58  -2.26  -2.20   0.78   1.82   2.96   3.81   3.25   2.99   3.69   4.92   4.48
 1897   5.37   4.98   5.58   6.03   3.77   4.63   4.79   3.87   1.95   1.60   1.14   3.39
 1898   3.40   3.25   3.09   2.36   3.48   3.85   3.99   3.92   2.67   3.32   3.06   2.40
 1899   2.58   2.77   2.86   1.19   3.17   4.13   3.29   3.22   1.48   0.88  -0.15   0.21
 1900  -0.30   0.20   0.85   1.99   1.59   0.02   2.79   2.60   3.10   2.92   2.27   2.55
 1901   2.15   2.47   2.93   2.44   1.79   2.32   0.19  -0.84   3.74   3.73   3.72   4.16
 1902   4.56   4.41   4.32   3.69   2.54   2.28   2.93   3.62   4.42   2.92   2.54   3.90
 1903   3.21   3.55   2.87   2.45   3.99   3.74   4.08   5.25   4.36   4.62   4.27   3.79
 1904   3.61   3.48   2.84   2.98   3.12   3.39   3.13   3.93   3.03   4.13   3.10   2.42
 1905   3.47   3.53   3.40   3.25   4.85   4.86   4.91   4.76   4.98   4.95   5.96   5.13
 1906   5.00   5.21   5.32   5.27   3.09   1.99   0.83   5.00   6.51   7.42   6.70   6.27
 1907   6.08   5.80   4.34   3.09   3.20   4.16   5.34   4.75   4.07   2.80   1.45   1.70
 1908   1.03   0.98   0.80   0.48   1.06   2.59   2.96   3.26   1.92   2.84   3.15   2.94
 1909   2.87   3.37   3.10   2.96   3.27   3.58   4.08   4.10   4.56   4.09   4.64   4.97
 1910   4.76   4.11   1.86  -0.44  -1.80  -2.73  -2.79  -0.90   0.34   0.15  -0.65  -1.19
 1911  -1.73  -2.09  -2.89  -3.35  -3.70  -3.70  -3.55  -2.23  -3.27   0.29   0.05   0.68
 1912   0.48   0.36   0.88   0.88  -0.08  -0.88  -0.71   0.22   1.08   1.04  -0.55  -0.71
 1913  -1.01  -0.22  -0.15   1.37   3.13   2.07   1.64  -0.22  -1.34  -1.83  -2.31  -2.52
 1914  -2.62  -2.82  -3.37  -3.37  -3.47  -2.61  -3.31  -3.19  -0.90  -2.10  -3.00  -2.76
 1915  -2.76   0.39   0.50   0.17   2.06   2.40   4.93   4.40   4.96   4.95   4.70   4.59
 1916   4.72   4.35   3.86   4.12   4.15   4.44   4.30   3.86   4.08   3.24   2.57   2.44
 1917   3.14   2.94   3.29   3.83   3.88   3.87   2.98   2.98   2.14   1.00  -0.00   0.14
 1918   0.63   0.39  -0.87  -1.06   1.22   0.56  -0.46   0.51   0.22   0.44   0.91   1.23
 1919   0.72   2.00   1.90   2.18   2.03   2.13   1.64   0.53   0.04   0.63   1.97   1.49
 1920   0.72   0.38   1.08   3.58   4.12   4.16   3.33   2.49   1.41   1.92   1.66   2.05
 1921   1.43   0.82  -0.82  -1.62  -1.04  -2.10  -0.13  -0.36  -0.32  -0.45  -0.93  -1.28
 1922  -0.52  -0.54  -1.55  -1.47  -1.74  -1.88  -1.01  -2.06  -2.80  -3.10  -1.86  -2.63
 1923  -2.53  -2.93  -2.93  -2.30  -1.73  -0.91  -0.80   3.00   4.25   3.66   3.09   3.31
 1924   3.05   3.33   3.66   2.60   1.64   3.26   3.02   3.09   3.01   1.49   0.24   2.15
 1925   2.41   2.05   0.79   0.31  -1.30  -0.33  -1.49  -2.32  -2.23  -2.15  -2.41  -2.36
 1926  -2.18  -2.65  -3.22  -4.07  -4.70  -5.41  -5.84  -4.78  -2.80  -3.30  -2.31  -2.44
 1927  -3.02  -1.85  -0.14   2.29   2.67   1.74   2.09   2.63   2.49   0.89   0.46   0.12
 1928  -0.79   0.56   1.12  -0.41   0.21  -0.33   0.11  -0.55  -0.82   0.85   1.02   0.01
 1929   0.20   0.82  -0.37   0.63   1.26   1.71   1.71   1.27   1.71   2.08   1.98   1.62
 1930   1.77   0.74  -0.21  -0.64   0.45   0.58  -0.94  -0.46  -0.04   0.77   1.22   0.66
 1931   0.10  -0.39  -0.38  -0.50  -0.94  -1.84  -2.47  -3.35  -3.77  -3.89  -2.05  -1.81
 1932  -0.30  -0.09  -0.48  -1.69  -0.00   0.06  -0.57  -0.44  -0.76  -0.90  -1.52  -1.83
 1933  -2.12  -2.12  -1.08  -1.99  -2.17  -3.16  -0.55  -0.59  -1.44  -2.66  -3.07  -2.74
 1934  -2.84  -3.09  -2.63  -3.45  -4.84  -3.86  -4.38  -5.14  -3.49  -4.45  -4.23  -3.99
 1935  -3.60  -3.42  -3.83  -1.66  -1.57  -1.28  -2.20  -1.17  -2.13  -2.69  -2.57  -2.22
 1936   0.77   1.90   1.59   0.54  -0.44  -1.49  -2.92  -4.23  -2.56  -3.48  -3.80  -2.83
 1937  -1.57  -2.12  -2.01  -1.90  -2.63  -2.82  -3.35  -2.47  -3.23  -1.22  -1.72  -2.10
 1938  -1.51  -0.39  -0.96  -1.57  -1.16  -2.20  -0.35  -2.06   1.56  -0.61   0.71  -0.10
 1939   0.61   1.61   1.92   1.39  -0.34   0.66  -0.49  -0.49  -1.51  -2.04  -2.64  -2.73
 1940  -2.72  -2.69  -1.43  -0.16  -2.28  -2.18  -2.24  -2.49  -3.33  -3.06  -1.83  -0.91
 1941   0.86   2.04   1.58   2.72   0.42   1.21  -0.16  -1.65  -0.46  -0.30  -1.28  -1.20
 1942  -1.35  -0.25   0.62  -0.88  -0.00   0.82   0.79  -0.39   0.53   0.08  -0.67  -0.90
 1943  -0.42  -0.86   0.11  -1.03  -1.42  -1.23  -1.49  -2.26  -2.96  -2.70  -2.76  -3.11
 1944  -1.94  -1.12  -1.51  -0.38   1.28   1.28   2.36   4.61   4.16   3.08   3.33   3.12
 1945   3.24   3.32   2.92   2.82   2.88   2.71   1.66   2.25   1.06  -0.94  -1.36   0.20
 1946  -0.52  -1.02  -1.15  -2.11  -1.97  -2.55  -3.33  -3.61  -2.15  -0.46   1.11   0.85
 1947   1.56   0.70  -0.08  -0.06   0.03   0.86   0.19  -0.77  -1.20  -0.40   0.57   0.41
 1948  -0.34   0.51   0.13  -0.40  -1.35   0.21   0.17   0.11  -1.41  -1.34   0.52   0.78
 1949   1.69   0.70   2.46   1.43   1.36  -0.11   0.69  -0.80   1.97   1.42  -0.13  -0.62
 1950  -0.77   0.25   0.39  -0.18   0.68   1.46   1.79   1.74   0.98   0.28  -0.08  -0.75
 1951  -1.05  -0.19   0.98   2.40   2.32   3.21   3.16   4.90   5.53   5.69   5.27   5.02
 1952   4.98   4.84   4.97   4.03   4.29   1.67   0.83   1.24  -0.60  -1.99  -2.09  -1.90
 1953  -1.96  -0.68  -1.34   1.00   1.54   0.48   1.40   1.47   0.32  -1.01  -0.97   0.45
 1954  -0.40   0.34   0.40   0.29   0.38   0.86  -0.25   0.44  -0.20   0.45  -0.52  -0.70
 1955  -0.92  -0.54  -1.15  -1.72  -2.69  -1.65  -3.06  -4.45  -4.94  -5.29  -5.46  -5.00
 1956  -4.95  -5.16  -5.73  -5.69  -5.91  -6.75  -6.12  -6.35  -6.72  -6.95  -6.76  -6.66
 1957  -6.55  -6.67  -6.26  -6.27  -4.99  -4.57  -4.71  -4.77  -4.09  -3.45  -2.58  -3.31
 1958  -3.36  -2.50  -2.72  -1.17  -2.65  -3.16  -1.39  -3.04  -3.68  -4.34  -4.45  -4.64
 1959  -4.66  -4.60  -4.21  -4.43  -2.07  -2.92  -3.57  -3.40  -3.59  -1.97   0.90   1.65
 1960   1.87   1.47   2.11   2.19   3.28   3.01   2.08   3.86   2.98   2.17   1.89   1.50
 1961   1.03   0.81   0.81   0.07   0.02  -1.07  -0.39  -1.40  -1.33  -1.63  -1.77  -1.64
 1962  -1.95  -0.93   0.57   0.05   1.12   2.48   2.90   2.67   3.32   2.12   0.72   0.45
 1963   0.37  -0.25  -0.88  -1.26  -1.65   1.18   2.31   2.44   1.77  -0.16  -1.37  -1.62
 1964  -1.63  -1.87  -1.44  -0.70  -1.64  -1.68  -1.13   1.47   1.75   0.32  -0.39  -0.34
 1965  -0.83   0.23  -0.27  -0.40   0.35   0.37  -0.17  -0.20   1.83   0.67  -0.20  -0.30
 1966  -0.58  -0.16  -0.40  -0.57  -1.41  -0.25  -0.73   0.79   0.13  -0.10  -0.55  -0.58
 1967  -0.66  -1.16  -2.07  -2.62  -2.51   2.08   0.93   1.02  -0.83  -1.13  -1.59  -1.76
 1968  -1.77  -2.25  -3.03  -2.83  -3.53  -4.25  -4.98  -4.59  -4.34   0.20   0.04   2.04
 1969   2.57   2.67   2.61   0.75  -0.50   1.05   2.16   1.60   1.39   2.32   1.34   1.57
 1970   0.80  -0.13   0.28   0.39   0.45  -0.01  -1.03  -1.71  -1.64   0.02   0.93   0.94
 1971  -0.09   1.38   0.83  -0.58  -1.11   1.24   0.94  -0.96  -1.49  -0.11   0.68   0.67
 1972  -0.28  -0.42  -0.96  -1.09   1.13   1.26   1.88   1.18   0.31   0.37   0.38   1.09
 1973   1.45   1.16   2.87   2.69   2.69   1.27   0.84  -1.72   1.13  -0.45  -0.10  -0.13
 1974  -0.52  -0.96  -1.37  -1.91  -2.43  -2.58  -3.56  -3.33  -3.43  -3.75  -4.08  -4.19
 1975  -3.80  -4.17  -4.18  -4.04  -4.53  -3.96  -4.88  -4.69  -4.91  -5.33  -3.21  -3.89
 1976  -4.12  -4.32  -4.16  -4.25  -4.69  -5.34  -5.56  -5.93  -6.07  -6.07  -6.17  -6.20
 1977  -6.21  -6.23  -5.56  -5.07  -5.10  -5.51  -5.71  -5.47  -4.76  -4.10  -3.85  -3.29
 1978  -3.63  -3.20  -3.68  -2.94  -3.00  -3.87  -0.87  -1.30  -3.10  -3.43  -3.44  -3.24
 1979  -2.33  -2.91   0.18   0.15   1.71   1.67   2.36   2.63   2.68   3.08   3.90   3.52
 1980   3.29   2.82   2.56   1.52   0.37  -1.49  -2.47   0.54  -0.57  -0.80  -2.11  -2.35
 1981  -2.72  -2.90  -3.03  -4.35  -4.79  -4.97  -4.13  -4.47  -4.89  -4.97  -4.96  -3.79
 1982  -2.90  -3.83  -3.92  -4.13  -1.82  -2.05  -2.64  -3.42  -3.27  -1.23   0.68   2.50
 1983   2.62   2.52   3.83   3.87   2.92   4.05   2.52   0.22  -0.41  -1.05   0.09  -0.83
 1984  -1.30  -1.27   1.12   2.53   2.03   2.87   2.14  -0.02  -1.13   1.55   0.76   0.32
 1985  -0.27  -0.52   0.45   1.22  -0.53   0.02  -1.02   0.84   1.50   0.78   0.61  -0.15
 1986  -0.56  -0.59   0.03   0.32   0.98   1.23   0.72   0.44   1.77   2.27   1.68   1.28
 1987   0.86   0.10   2.73   0.72  -0.91  -0.94  -0.42  -1.01  -0.82  -1.34  -1.24  -0.23
 1988   0.35  -0.55  -1.59  -0.74  -1.28  -2.67  -2.86  -2.62  -2.48  -2.94  -3.00  -3.32
 1989  -3.29  -3.52  -3.82  -4.43  -5.18  -5.65  -6.10  -6.13  -5.76  -6.03  -6.04  -5.87
 1990  -5.64  -5.90  -6.11  -6.33  -4.45  -5.65  -5.83  -5.87  -6.14  -5.60  -5.39  -5.22
 1991  -5.08  -5.31  -5.48  -5.08  -4.58  -3.83  -4.32  -4.83  -4.94  -4.58  -2.87  -2.99
 1992  -2.74  -2.19  -0.52  -0.82  -1.71  -0.86   0.68   2.71   3.27   4.93   5.15   5.33
 1993   4.93   4.95   4.53   4.96   5.28   5.10   6.22   6.46   6.11   5.56   5.62   5.23
 1994   5.12   5.03   3.63   3.41   0.98   1.29   1.64   1.31   2.05   1.11   0.41   0.47
 1995  -0.15  -1.00   1.47   2.66   3.58   1.89   0.87   1.77   1.91   3.27   3.27   2.49
 1996   2.49   1.64   1.35   0.17   0.14  -0.63   1.13   1.35   1.87   1.35   2.89   3.03
 1997   2.97   3.09   2.44   2.71   3.51   1.76   3.14   2.15   3.00   3.86   3.05   2.93
 1998   2.72   2.01   3.16   4.10   3.02   3.71   3.39   3.16   1.13   2.99   3.61   3.25
 1999   2.89   2.96   2.40   3.50   3.83   5.44   7.73   5.84   3.74   2.24   0.34  -0.94
 2000  -1.99  -1.84  -2.89  -3.01  -2.77  -2.36  -2.86  -2.62  -3.01  -2.19   0.33  -0.35
 2001   1.00   0.45  -0.18   0.27   0.29  -1.22   1.22   0.10   1.14   1.11   2.26   1.41
 2002   0.76   0.33  -0.64  -1.07  -1.31  -2.18  -3.21  -1.62  -2.79  -1.17  -2.05  -2.50
 2003  -2.52  -2.76  -2.75  -2.56 -99.00 -99.00 -99.00 -99.00 -99.00 -99.00 -99.00 -99.00
