 1893   0.75   2.02   1.65   2.84  -0.84  -3.11  -0.18  -0.42  -1.33  -1.02  -0.01   2.59
 1894   0.07  -0.49  -1.49   1.76  -1.22  -3.03  -3.24  -2.73  -2.88  -0.47  -2.13  -0.52
 1895  -0.86  -1.70  -2.87  -0.15  -2.04   1.65  -0.70   0.83   2.11  -1.21  -0.09  -1.46
 1896  -0.98  -1.41  -0.34   3.44   2.38   3.97   3.46  -0.15   0.20   2.76   4.83   0.19
 1897   4.07   0.49   3.35   3.07  -2.26   1.99   1.34  -0.51  -2.04  -0.01  -0.24   3.87
 1898   1.06   0.60   0.54  -0.47   3.41   2.18   1.60   1.03  -1.08   1.48   0.23  -0.37
 1899   0.68   1.39   1.13  -1.76   4.18   3.86  -0.50   0.49  -1.87  -0.45  -1.19   0.68
 1900  -0.60   0.90   1.26   2.31  -0.16  -1.81   5.38   0.30   2.30   0.41  -0.39   0.95
 1901  -0.10   1.35   2.14  -0.17  -0.43   1.14  -2.36  -1.19   9.15   1.13   1.13   2.47
 1902   2.49   0.96   1.09  -0.18  -0.97   0.14   1.43   2.75   3.50  -1.38   0.05   3.20
 1903  -0.32   1.54  -0.35  -0.06   4.61   0.49   2.19   4.75  -0.40   1.55   0.40   0.02
 1904   0.51   0.71  -0.29   0.81   1.35   1.77   0.28   3.37  -0.61   3.44  -0.76  -0.37
 1905   2.40   1.25   0.70   0.60   5.80   1.54   1.65   1.06   2.14   1.44   4.56  -0.23
 1906   0.82   2.18   1.94   1.50  -2.24  -0.93  -1.19   8.18   6.10   4.73   0.14   0.78
 1907   1.35   1.06  -1.15  -1.00   0.81   2.13   4.81   0.02  -0.17  -1.11  -1.35   0.78
 1908  -0.55   0.27   0.05  -0.22   1.17   2.92   1.91   1.81  -1.28   1.80   1.79   0.37
 1909   0.70   2.38   0.22   0.55   1.84   1.95   2.60   1.31   2.67   0.08   2.83   2.42
 1910   0.91  -0.14  -2.48  -2.82  -1.89  -2.36  -1.00   2.05   1.39  -0.37  -1.29  -1.10
 1911  -1.17  -1.14  -3.05  -2.25  -2.09  -1.16  -0.69   1.22  -2.33   4.29  -0.47   0.75
 1912  -0.33  -0.26   0.78   0.07  -1.62  -1.91  -0.01   1.34   2.04   0.20  -1.64  -0.65
 1913  -1.14   0.54  -0.09   3.77   5.70  -0.91  -0.16  -2.19  -1.48  -1.68  -2.03  -1.34
 1914  -1.07  -1.40  -2.54  -1.02  -1.36   0.61  -2.09  -0.67   2.57  -1.97  -2.40  -0.19
 1915  -0.88   3.74   0.04  -0.55   3.93   1.66   8.32   0.05   2.93   1.51   0.77   1.12
 1916   1.82   0.34   0.03   1.84   1.35   2.17   0.96   0.08   1.76  -0.49  -0.36   0.33
 1917   1.85   0.38   1.94   2.63   1.35   1.15  -0.59   0.55  -0.64  -1.14  -1.12   0.37
 1918   0.91  -0.12  -1.83  -0.79   3.66  -0.47  -0.95   1.54  -0.72   0.74   1.53   1.25
 1919  -0.31   3.29   0.33   1.42   0.24   0.92  -0.26  -1.09  -0.43   0.94   2.65  -0.26
 1920  -0.67  -0.20   1.14   7.08   2.73   1.41  -0.48  -0.57  -1.01   1.11   0.05   1.02
 1921  -0.47  -0.52  -2.13  -2.19   0.39  -2.74   2.13  -0.47  -0.15  -0.36  -0.93  -0.78
 1922   0.67  -0.24  -1.84  -0.23  -1.27  -0.97   0.76  -2.30  -2.87  -1.77   1.17  -1.46
 1923  -0.50  -1.97  -0.90   0.35   0.33   0.74  -0.12   8.05   4.67  -0.12  -0.17   1.00
 1924   0.22   1.78   2.03  -0.86  -0.83   3.27   0.32   1.14   0.69  -1.53  -1.34   2.91
 1925   0.97  -0.06  -1.27  -0.38  -2.51   0.82  -2.07  -2.95  -0.44  -0.45  -1.44  -0.60
 1926  -0.20  -2.07  -2.54  -3.53  -3.14  -3.58  -2.97   0.57   2.00  -1.34   0.79  -0.73
 1927  -1.45   1.12   2.05   4.13   1.85  -0.79   0.85   1.98   0.40  -1.69  -0.29  -0.24
 1928  -1.13   2.00   1.18  -1.89   0.97  -0.67   0.74  -1.26  -0.98   2.55   0.77  -0.74
 1929   0.32   0.79  -1.11   1.90   2.08   1.74   0.53  -0.23   1.20   1.66   0.32  -0.10
 1930   0.63  -0.95  -0.95  -0.47   1.50   0.39  -2.81   0.22   0.19   1.97   1.58  -0.36
 1931  -0.40  -0.52  -0.10  -0.49  -1.46  -3.00  -2.46  -3.39  -2.31  -1.51   1.90  -0.12
 1932   1.71   0.07  -0.77  -2.18   2.14  -0.05  -1.13  -0.03  -0.87  -0.63  -1.35  -0.76
 1933  -1.34  -0.67   0.95  -1.69  -1.17  -3.64   3.02  -0.31  -1.48  -2.42  -2.06  -0.06
 1934  -1.05  -1.64   0.11  -2.98  -5.25   0.60  -1.99  -3.63   1.51  -2.28  -0.74  -0.58
 1935  -0.11  -0.53  -2.30   2.37  -0.30   0.01  -1.72   1.04  -1.79  -1.75  -0.49   0.03
 1936   3.54   2.51  -0.05  -1.00  -1.04  -2.70  -4.75  -4.81   1.63  -1.84  -1.90   0.71
 1937   1.22  -1.17  -0.29  -0.28  -1.82  -1.39  -2.46   0.64  -2.17   2.19  -1.05  -0.93
 1938   0.41   1.23  -1.04  -1.26   0.22  -2.37   1.99  -2.67   4.69  -2.27   1.67  -0.81
 1939   1.05   2.07   1.45  -0.33  -1.86   1.38  -1.31   0.03  -3.09  -2.08  -2.43  -1.08
 1940  -0.82  -0.75   1.23   1.35  -3.20  -0.42  -0.85  -1.44  -3.29  -0.22   1.15   0.85
 1941   2.16   2.64  -0.22   3.43  -2.58   1.30  -1.58  -2.70   1.12   0.00  -1.42  -0.17
 1942  -0.60   0.97   0.98  -2.64   0.52   1.99   0.18  -1.17   1.60  -1.19  -0.93  -0.89
 1943   0.20  -0.61   0.58  -1.53  -1.49  -0.04  -0.99  -2.77  -2.80  -0.15  -0.99  -1.91
 1944   1.07   0.69  -0.85   1.23   2.24   0.39   3.65   7.46   0.12  -0.83   0.93   0.28
 1945   1.22   1.22   0.02   0.45   1.05   0.36  -0.93   1.15  -1.16  -2.36  -1.04   1.49
 1946  -0.94  -0.81  -0.39  -3.24  -0.23  -2.35  -3.14  -1.86   1.41   1.89   1.98  -0.36
 1947   1.13  -0.73  -0.71   0.14   0.24   1.32  -0.59  -1.79  -1.53   0.61   1.17   0.14
 1948  -1.01   1.53  -0.97  -1.56  -2.96   1.48  -0.16  -0.16  -2.41  -0.23   1.81   0.70
 1949   3.00  -0.89   4.10  -0.94   0.24  -1.65   1.25  -1.88   4.33  -0.35  -1.66  -0.52
 1950  -0.25   0.75   0.50  -0.54   1.57   2.56   1.43   0.41  -0.62  -0.60  -0.28  -1.08
 1951  -1.11   0.61   2.38   4.59   0.48   3.41   0.82   6.22   3.39   2.19   0.50   0.89
 1952   1.43   1.11   1.90  -0.53   1.35  -2.96  -0.76   0.94  -2.37  -2.15  -0.91  -0.12
 1953  -0.73   1.27  -1.08   2.94   1.93  -0.95   1.33   0.65  -1.05  -2.09  -0.18   1.35
 1954  -1.19   1.00   0.27  -0.19   0.35   1.55  -0.74   1.33  -0.61   0.83  -1.57  -0.70
 1955  -0.86   0.13  -1.37  -2.06  -3.43   0.93  -3.53  -5.10  -2.86  -2.57  -2.15  -0.31
 1956  -1.37  -2.17  -3.30  -1.66  -2.41  -4.36  -0.18  -2.59  -3.06  -2.77  -1.58  -1.78
 1957  -1.73  -2.40  -0.82  -1.95   0.82  -0.26  -1.00  -1.61   0.18   0.20   0.61  -1.56
 1958  -1.13   0.62  -0.78   1.62  -2.70  -2.36   1.88  -3.18  -2.84  -3.13  -1.66  -1.94
 1959  -1.50  -1.27  -0.23  -1.97   2.59  -1.71  -1.67  -0.58  -1.63   1.63   3.55   1.06
 1960   0.62  -0.16   1.95   0.89   3.95   0.21  -0.75   4.98  -0.58  -0.59   0.08  -0.13
 1961  -0.31   0.00   0.28  -0.86   0.06  -2.09   0.44  -2.01  -0.23  -1.32  -0.92  -0.16
 1962  -1.44   0.94   1.64  -0.74   2.04   4.40   2.04   0.21   2.75  -1.08  -1.48  -0.10
 1963   0.12  -0.70  -0.88  -1.02  -1.57   3.53   3.78   1.09  -0.46  -2.19  -1.79  -1.16
 1964  -0.52  -1.24   0.20   0.63  -1.60  -0.62   0.36   4.09   1.29  -1.42  -0.71   0.13
 1965  -1.00   0.69  -0.80  -0.49   1.04   0.19  -0.52  -0.13   5.21  -1.10  -0.87  -0.03
 1966  -0.30   0.61  -0.28  -0.65  -2.68   1.05  -0.73   2.17  -0.27  -0.07  -1.39  -0.26
 1967  -0.41  -1.70  -3.08  -2.30  -0.49   6.24  -1.10   0.39  -2.16  -0.99  -1.72  -1.00
 1968  -0.57  -1.99  -3.03  -0.35  -2.96  -3.25  -3.50  -0.37  -0.69   5.64  -0.42   2.78
 1969   1.46   1.11   0.63  -2.01  -1.43   2.27   1.97  -0.34   0.06   2.52  -0.87   0.62
 1970  -0.69  -1.00   0.69   0.34   0.28  -0.51  -2.51  -2.37  -0.30   1.68   1.28   0.32
 1971  -0.69   2.48  -0.35  -1.41  -1.77   3.73  -0.09  -2.79  -1.91   1.32   0.87   0.18
 1972  -0.85  -0.51  -1.74  -0.69   3.40   0.73   2.26  -0.53  -0.82   0.26   0.20   1.21
 1973   0.83  -0.07   5.17   0.34   0.83  -1.43  -0.26  -3.79   3.38  -1.37   0.43   0.08
 1974  -1.00  -1.47  -1.52  -2.05  -2.17  -1.18  -3.75  -0.40  -1.35  -2.01  -2.15  -1.58
 1975  -0.15  -2.27  -1.31  -0.88  -2.73   0.06  -3.76  -0.95  -2.09  -2.77   2.14  -1.63
 1976  -1.10  -1.86  -0.87  -1.54  -2.63  -3.40  -2.30  -2.84  -2.25  -1.89  -2.16  -1.99
 1977  -1.95  -1.98  -0.04  -0.21  -1.58  -2.81  -2.30  -1.06   0.14   0.15  -0.36   0.12
 1978  -1.38  -0.01  -2.26   0.42  -0.62  -3.44   3.53  -0.94  -2.98  -1.89  -1.08  -0.48
 1979   0.70  -1.54   3.66  -0.18   2.36   0.41   2.57   1.55   0.96   2.02   3.42   0.11
 1980   0.35  -0.09   0.15  -0.96  -1.22  -2.61  -3.40   3.52  -1.59  -0.56  -2.28  -1.39
 1981  -1.83  -1.39  -1.28  -4.90  -2.67  -2.01   0.38  -1.77  -2.63  -1.75  -1.50   0.84
 1982   0.59  -1.95  -1.45  -1.85   2.55  -0.78  -1.32  -2.27  -0.60   2.23   2.30   3.64
 1983   1.13   0.53   4.70   1.30  -0.68   3.42  -1.47  -2.70  -0.69  -0.84   1.75  -1.31
 1984  -0.80  -0.27   3.35   4.60  -0.24   2.69  -0.49  -2.48  -1.38   3.89  -0.78  -0.38
 1985  -0.70  -0.33   1.60   1.71  -2.12   0.82  -2.10   2.52   2.25  -0.56   0.02  -0.71
 1986  -0.66  -0.27   0.10   0.87   2.07   1.06  -0.31  -0.09   2.99   2.06  -0.38  -0.18
 1987  -0.24  -0.76   5.49  -2.22  -1.95  -0.04   0.74  -0.86   0.23  -1.76  -0.14   0.85
 1988   0.49  -1.13  -2.34   0.72  -0.88  -4.34  -1.39  -0.18  -0.39  -2.14  -1.09  -1.89
 1989  -0.91  -1.71  -1.98  -3.02  -3.63  -3.00  -3.08  -2.00  -0.76  -2.61  -1.89  -1.35
 1990  -1.12  -2.52  -2.45  -2.57   1.68  -3.17  -2.30  -1.92  -2.62  -0.28  -1.10  -1.16
 1991  -1.20  -2.24  -2.16  -0.48  -0.12   0.31  -2.17  -2.84  -1.85  -0.44   1.65  -0.75
 1992  -0.23   0.25   1.95  -0.71  -1.68   0.87   2.09   5.55   2.53   5.99   2.18   2.13
 1993   0.45   1.57   0.29   2.69   2.48   1.08   4.93   2.64   0.97   0.21   1.92   0.55
 1994   1.31   1.30  -1.16   0.36  -2.83   0.82   0.91  -0.07   1.59  -0.95  -0.73   0.32
 1995  -0.78  -1.41   4.42   4.00   3.60  -1.73  -0.99   1.59   0.62   3.57   1.01  -0.52
 1996   0.47  -0.71  -0.03  -1.32   0.13  -0.98   2.86   0.69   1.12  -0.31   4.43   1.32
 1997   0.77   1.27  -0.36   1.00   3.24  -1.82   2.59  -0.82   2.16   3.51  -0.50   0.39
 1998   0.25  -0.50   3.03   3.81  -0.83   1.99   0.19   0.34  -2.23   3.33   2.79   0.10
 1999   0.06   0.94  -0.26   3.58   2.06   6.02   8.56  -1.49  -2.02  -1.40  -2.23  -1.65
 2000  -1.60   0.06  -2.24  -1.26  -0.21   0.08  -1.95  -0.17  -1.99   0.60   2.99  -1.07
 2001   1.74  -0.79  -1.03   0.57  -0.04  -2.98   3.66  -0.94   1.33   0.26   3.78  -0.70
 2002  -0.53  -0.32  -1.13  -1.10  -1.05  -3.00  -3.76   1.63  -2.07   1.68  -1.52  -1.46
 2003  -0.83  -1.51  -0.81  -0.29 -99.00 -99.00 -99.00 -99.00 -99.00 -99.00 -99.00 -99.00
