 1893   0.35   0.20   0.00   0.06   0.10   0.10   0.65   0.15   0.65   1.02   0.98   0.87   0.37   0.00   0.17   1.01   2.81   2.76   1.42   0.80   0.26   0.08  -0.03  -0.33  -0.73  -0.96  -0.16  -0.61  -0.57  -0.05  -0.80  -1.30  -0.38   0.28   0.09  -0.62  -1.18  -0.67  -0.14   0.02   0.05   0.05   0.08   0.04   0.02   0.01   0.01   0.84   0.34   0.00   0.00   0.95
 1894   0.57   0.07   0.13   0.13   0.07   0.03   0.07   0.28   0.02   0.00   0.00   0.28   0.00   0.00   1.06   1.20   1.19   0.88   0.41   0.15   0.01   0.04  -0.05  -0.28  -0.45  -0.96  -1.34  -1.75  -2.04  -2.60  -2.26  -2.67  -1.19  -1.80  -2.37  -2.69  -2.57  -2.57  -1.63  -0.74  -0.50  -0.07  -0.51  -0.21  -0.20  -0.11  -0.08  -0.05  -0.02   0.26  -0.01  -0.01
 1895  -0.01  -0.00   0.09   0.12   0.07   0.06   0.01  -0.00   0.06   0.07   0.06   0.01   0.16   0.82   0.32   0.01   0.14  -0.08  -0.11  -0.37  -0.64   0.94   0.58   1.00   0.72   0.28   0.04   0.24  -0.24   0.22   0.04   0.98   0.57   0.21   0.29   0.41   0.11   2.10   1.20   0.69   0.25   0.12   0.04   0.01  -0.00   0.17   0.34   0.07   0.01   0.00   0.00   0.00
 1896   0.00   0.00   0.06   0.03   0.07   0.00   0.00   0.00   0.35   0.07   0.18   0.22   0.69   0.33   1.22   1.58   2.13   2.35   1.26   2.21   2.16   1.19   4.35   2.35   2.32   1.48   1.44   0.99   0.66   2.73   2.05   1.47   1.64   1.05   0.78   1.06   0.73   0.53   0.46   0.34   1.23   0.67   0.28   1.71   2.51   1.28   0.66   2.39   1.25   0.64   0.23   0.09
 1897   1.31   1.36   1.06   0.65   0.15   0.12   0.10   0.22   0.10   0.99   0.54   1.41   2.00   3.20   2.25   1.14   0.61   0.11   0.23   0.04  -0.05   1.78   1.01   0.47   0.00   1.76   1.11   0.85   1.59   1.26   0.73   0.66   0.59   0.36   0.11  -0.01   0.09  -0.19  -0.74  -1.08  -0.64   0.30   0.08   0.02   0.17   0.02   0.11   0.52   0.72   0.82   0.62   0.20
 1898   0.00   0.00   0.41   0.53   0.03   0.68   0.18   0.18   0.00   0.31   0.56   0.06   0.28   0.00   0.01   0.38   0.04   1.12   0.61   2.71   2.05   1.15   4.01   2.17   1.30   0.79   0.52   0.36   0.18   0.72   1.25   1.97   1.48   0.69   0.36   0.19   0.60   0.23  -0.11  -0.29  -0.08   1.13   0.59   0.12   0.05   0.29   0.24   0.09   0.19   0.01   0.01   0.00
 1899   0.08   0.17   0.00   0.33   0.16   0.00   0.00   0.29   0.91   0.45   1.28   0.69   0.21   0.10   0.00   0.01   0.02   2.64   1.38   1.17   1.82   1.67   1.35   0.86   0.45   4.07   2.65   1.81   1.25   0.63   0.68   0.40   0.64   0.42   0.43   0.27  -0.02  -0.27  -0.44  -0.14  -0.22  -0.10   0.19   0.05   0.07  -0.01   0.07   0.22   0.38   0.03   0.00   0.21
 1900   0.09   0.09   0.06   0.00   0.00   0.55   0.57   0.07   0.08   0.23   0.04   0.62   1.25   0.63   0.99   1.39   2.04   1.06   0.81   0.34   0.61   1.13   0.70   0.24   0.07  -0.03   0.18   3.23   3.68   2.49   1.66   0.85   0.92   0.95   0.65   0.37   1.91   1.98   1.22   0.72   0.32   0.41   0.96   0.38   0.24   0.24   0.23   0.07   0.13   0.03   0.40   0.31
 1901   0.05   0.22   0.01   0.00   0.00   0.95   0.45   0.05   0.22   0.30   0.44   0.62   0.87   0.37   0.06   0.79   0.33   1.18   0.64   0.20   0.15   0.06   1.08   1.04   1.14   0.77   0.45   0.22  -0.09  -0.68  -0.38   0.32  -0.13  -0.82  -1.31   1.85   4.79   2.86   2.68   1.61   1.42   0.93   0.84   1.24   0.62   0.21   0.14   0.11   0.62   0.50   0.58   0.07
 1902   0.01   0.01   0.01   1.20   1.00   0.80   0.40   0.00   0.79   0.34   0.05   0.00   0.63   0.20   0.19   0.02   0.67   0.38   0.10   0.96   0.52   0.13   0.11   0.11   0.73   0.32   0.78   0.70   0.89   0.87   0.48   0.59   0.67   2.21   1.64   0.99   0.50   4.84   2.73   1.64   1.08   0.50   0.38   0.54   0.25   0.32   0.13   0.09   0.75   0.42   1.20   0.61
 1903   0.10   0.01   0.01   0.00   0.50   0.15   0.00   0.00   0.55   0.05   0.13   0.00   0.00   0.00   0.00   0.02   1.22   0.63   1.63   0.92   3.31   3.53   1.95   1.10   2.40   1.48   1.46   1.44   1.33   1.13   3.32   2.23   1.72   1.36   1.70   1.32   1.29   0.87   0.61   1.81   1.28   0.75   0.50   0.42   0.32   0.23   0.43   0.13   0.11   0.16   0.03   0.03
 1904   0.20   0.01   0.05   0.20   0.05   0.20   0.25   0.23   0.01   0.05   0.02   0.08   0.03   1.16   0.58   0.92   0.44   0.06   0.06   2.09   1.81   2.15   1.23   0.91   0.89   0.46   1.50   1.11   0.74   0.62   1.03   0.80   2.70   1.89   1.48   0.93   0.64   0.38   0.36   0.17   0.91   2.72   1.50   0.90   0.34   0.20   0.15   0.10   0.07   0.06   0.03   0.09
 1905   0.28   0.67   0.17   0.50   0.30   0.92   0.42   0.00   0.00   0.10   1.34   0.67   0.17   0.00   0.00   0.01   1.55   1.48   2.38   3.53   2.46   1.98   1.19   0.69   0.29   2.96   2.49   1.75   1.42   0.90   0.94   0.69   0.83   0.96   0.81   0.59   1.04   2.44   1.60   1.04   0.86   0.81   0.38   0.65   1.48   0.84   0.90   2.10   1.07   0.55   0.04   0.03
 1906   0.47   0.01   0.21   0.01   0.00   0.00   0.80   0.30   1.00   0.75   0.80   0.65   0.66   0.89   0.79   0.31   0.84   0.35   0.09   0.04   0.10   0.05  -0.14  -0.47   0.71   0.49   0.18   0.12   0.21  -0.06   0.36   1.65   1.09   6.80   4.09   2.68   6.14   4.98   2.88   1.81   1.11   2.02   3.78   2.02   1.13   0.72   0.15   0.10   0.35   0.14   0.11   0.12
 1907   0.41   0.01   0.01   0.50   0.45   0.00   0.00   0.30   0.20   0.05   0.00   0.00   0.00   0.00  -0.00   0.21   0.01   0.02   0.03   0.05   2.06   1.12   4.45   2.41   1.40   0.75   0.74   1.36   2.76   2.02   1.39   0.93   0.79   0.95   0.73   0.46   0.19   0.58   0.36   0.39   0.27   0.11   0.00  -0.02  -0.06  -0.04  -0.09  -0.08  -0.05   0.21  -0.02   0.44
 1908  -0.01  -0.01  -0.00  -0.00   0.17   0.07   0.64   0.14  -0.00   0.23   0.63   0.14   0.04   0.32   0.00   0.86   0.37   1.40   0.75   0.33   0.82   0.34   2.63   2.34   1.45   0.97   0.52   0.81   0.72   1.53   0.87   1.04   2.06   1.48   0.83   0.52   0.16  -0.25   0.42   0.15   0.12   0.89   1.13   0.59   0.12   0.14   1.37   0.94   0.59   0.18   0.20   0.01
 1909   0.14   0.01   0.05   0.35   0.10   1.15   0.63   0.73   0.23   0.60   0.15   0.00   0.09   0.33   0.10   0.10   0.30   0.04   0.07   0.13   3.23   1.75   1.07   0.59   1.58   1.33   1.41   1.40   1.04   0.89   1.75   1.77   1.30   1.25   1.30   1.49   1.36   1.72   1.02   0.73   1.21   0.61   0.37   0.36   0.29   1.91   1.62   1.51   1.08   0.90   0.38   0.13
 1910   0.32   0.31   0.01   0.11   0.00   0.00   0.00   0.15   0.00   0.00   0.00  -0.03  -0.10  -0.18  -0.29  -0.08  -0.26   0.48   0.07  -0.05  -0.24  -0.44   0.51   0.03  -0.64  -1.21  -1.22  -0.23  -0.27  -0.79  -1.37  -0.43   1.70   1.11   0.45   1.12   0.63   0.76   0.45   1.04   0.54   0.41   0.20   0.10   0.05   0.03   0.11   0.02   0.15   0.01   0.03   0.00
 1911   0.12   0.00   0.00   0.00   0.00   0.08   0.24   0.00   0.00   0.00   0.00   0.00   0.13   0.40   0.00   0.01  -0.07   0.68   0.23  -0.47  -0.05  -0.08  -0.73  -0.61  -1.67  -0.20  -0.65  -0.01  -0.45  -0.42   0.76   0.59   0.44   0.24   0.44   0.28  -0.35  -0.31  -0.61   1.47   0.89   1.32   0.79   0.32   0.06   0.28   0.03   0.09   0.02   0.01   0.45   0.39
 1912   0.06   0.06   0.08   0.08   0.49   0.00   0.00   0.09   0.13   0.13   0.29   1.20   0.60   0.10   0.06   1.05   0.56   0.09   0.22   0.12   0.19   0.14   0.43   0.16   0.02  -0.32  -0.79  -0.95   0.82   0.78   0.03  -0.16   1.99   1.32   0.57   0.76   0.77   0.55   1.12   0.62   1.34   0.82   0.40   0.29   0.18   0.09   0.04   0.02   0.28   0.01   0.01   0.00
 1913   0.05   0.00   0.00   0.00   0.01   0.00   0.00   1.05   0.57   0.07   1.03   0.64   0.14   0.67   2.15   1.10   2.82   3.13   4.65   3.19   2.79   1.53   0.83   0.14   0.63   0.38   0.07   0.27   0.36   0.29  -0.21   0.21  -0.42  -1.00  -1.42  -1.96  -1.22  -0.57  -0.39  -0.84  -1.01  -0.77  -0.44  -0.29  -0.22  -0.22  -0.12  -0.05  -0.02  -0.01   0.03   0.01
 1914   0.01  -0.00   0.08   0.05  -0.00   0.11   0.04   0.08   0.00  -0.00   0.05   0.02   0.05   0.26   0.00   0.01   0.51   0.04   0.04   0.47   0.12   0.13   0.68   0.85   0.39   0.21  -0.19  -1.30  -1.92  -2.68  -0.39  -0.13  -1.22  -1.29  -0.42   0.03   2.16   1.32   0.84   0.17   0.06  -0.27  -0.36  -0.60  -0.61  -0.39  -0.29  -0.29   0.02  -0.04   0.06  -0.06
 1915  -0.04  -0.03   0.04   0.09   1.07   0.66   1.29   1.12   1.28   1.16   0.58   0.13  -0.00   0.27   0.10   0.04   0.94   0.44   0.10   0.36   4.07   2.99   2.43   1.52   2.19   3.01   3.40   3.14   3.09   2.22   1.75   1.17   0.98   0.84   0.71   0.63   2.36   1.53   2.11   2.70   1.65   1.48   0.95   0.54   1.27   0.62   0.22   0.15   0.10   0.72   0.25   0.08
 1916   0.07   0.46   0.08   0.66   0.30   0.10   0.00   0.00   0.50   0.00   0.00   0.31   0.00   0.21   0.00   2.45   1.25   0.66   0.16   1.53   2.43   1.34   0.82   0.33   2.92   1.77   1.27   1.29   0.91   0.74   0.66   1.13   0.82   0.45   0.17   0.31   0.86   0.40   1.23   0.72   0.38   0.45   0.43   0.22   0.50   0.19   0.09   0.07   0.05   0.23   0.38   0.02
 1917   0.01   0.01   0.88   0.62   0.46   0.04   0.11   0.36   0.00   0.82   1.72   0.86   0.36   0.23   0.00   2.38   1.71   1.55   0.81   0.34   2.63   1.41   2.87   1.59   1.00   0.56   0.50   0.42   0.52   0.23   0.31   1.08   0.52   0.23   0.02  -0.19   0.13  -0.00   0.07  -0.26  -0.34  -0.38  -0.13  -0.14  -0.12   0.07  -0.01   0.10   0.22   0.21  -0.00   0.11
 1918   0.14   0.03   0.03   0.54   0.08  -0.00   0.41   0.14  -0.00   0.10   0.29   0.00   0.00   0.00   0.00   0.50   0.16   0.03   0.05   0.35   3.54   3.21   3.62   1.96   0.95   0.36   0.03   0.03  -0.13  -0.38  -1.02   1.16   0.98   0.63   0.12   0.51   0.28   0.05  -0.06  -0.45   0.05  -0.15   0.69   0.25   0.61   0.77   0.31   0.03   0.30   0.03   0.57   0.14
 1919   0.25   0.01   0.00   0.00   0.56   0.10   1.58   0.84   0.74   0.59   0.32   0.00   0.07   0.64   1.59   0.82   0.33   0.20   0.19   0.57   0.20   1.31   1.42   0.90   1.36   0.88   0.45   0.52   0.51   0.20   0.18   0.15   0.10  -0.11  -0.54   0.25  -0.04  -0.59  -0.01   0.07   0.22   0.55   0.12   0.09   1.66   0.91   0.40   0.52   0.10   0.02   0.01   0.04
 1920   0.04   0.00   0.00   0.04   0.20   0.00   0.08   0.16   0.17   0.23   0.21   0.17   0.60   0.10   2.52   3.13   3.87   1.97   2.03   1.09   1.09   2.55   1.49   1.57   1.99   1.36   0.93   0.70   0.60   0.69   0.46   0.14   0.11  -0.01   0.29   0.30  -0.08  -0.22   0.13  -0.16  -0.39   0.21   0.07   1.14   0.89   0.37   0.03   0.29   0.02   0.02   0.96   0.46
 1921   0.01   0.00   0.00   0.20   0.04   0.28   0.03   0.00   0.00   0.00   0.00   0.00   0.12   0.05   0.00  -0.13  -0.11   0.73   0.56   0.12   0.84   0.36   0.66   0.18  -0.26  -0.89   0.20  -0.16   1.41   1.08   0.48   0.20  -0.00   0.07   0.28   0.90   0.52   0.27   0.26   0.04  -0.22  -0.58   0.28   0.00   0.04   0.02   0.13   0.02   0.00   0.05   0.15   0.03
 1922   0.12   0.06   0.12   0.00   0.73   0.23   0.00   0.45   0.00   0.22   0.00   0.04   0.03   0.00   2.18   1.10   0.58   0.11   0.02  -0.14  -0.07   0.12   1.58   0.91   0.09  -0.03  -0.03  -0.44  -0.34   1.33   0.97   0.03  -0.70   0.02  -0.58  -1.04  -1.32  -0.91  -1.36  -0.55  -0.66  -0.77  -1.00  -0.21  -0.31   0.53   0.09  -0.06  -0.04   0.04  -0.02  -0.01
 1923   0.20  -0.00  -0.00   0.13  -0.00   0.03  -0.00  -0.00   0.27  -0.00   0.48   0.13   0.00   0.00   0.06   0.80   0.97   0.84   0.82   0.41   0.46   0.21   1.34   0.84   0.96   0.51   0.70   0.63   0.33   0.06   2.76   4.57   3.01   2.17   2.90   2.16   1.35   3.93   4.05   2.40   1.58   0.89   0.49   0.60   0.28   0.49   0.19   0.12   0.10   0.07   0.04   0.82
 1924   0.36   0.21   0.01   0.01   0.31   0.00   0.59   0.54   0.31   0.00   0.20   0.18   1.31   0.66   0.16   0.01   0.79   0.32   0.73   0.26   0.22   0.15   0.50   1.22   0.82   2.39   1.53   1.04   1.51   1.03   1.41   1.39   1.09   0.78   0.66   0.46   1.04   0.59   0.51   0.44   0.49   0.22   0.07  -0.09  -0.00  -0.02  -0.03  -0.03   1.46   0.73   0.38   0.11
 1925   0.15   0.08   0.08   0.55   0.05   0.04   0.04   0.34  -0.00  -0.00   0.41   0.00   0.00   0.00  -0.09   0.49   0.49   0.03   0.05   0.10  -0.02   0.16   0.19   0.74   0.38   0.22   0.12  -0.18  -0.51  -0.83  -0.95  -0.95  -1.28  -1.78  -2.06  -0.50   0.00  -0.65  -0.25   0.07   0.03   0.03   0.08   0.16   0.02   0.02   0.02   0.03   0.07   0.06   0.18   0.00
 1926   0.00   0.02   0.00   0.13   0.25   0.00   0.02   0.00   0.00   0.12   0.05   0.00   0.00   0.02   0.00  -0.17  -0.42  -0.98  -0.29  -0.31  -0.83  -1.80  -2.67  -1.50  -1.76  -2.66  -3.59  -3.85  -4.66  -2.42  -2.37  -1.01   0.05   0.30   0.23   0.90   0.34   0.88   0.32   0.37   0.26   0.19   0.06   0.05   0.04   0.64   0.21   0.06   0.19   0.10   0.01   0.00
 1927   0.00   0.03   0.02   0.00   0.31   0.12   0.55   0.20   0.03   1.40   0.81   1.34   1.97   1.46   3.82   2.12   1.10   0.56   1.02   0.58   2.23   2.65   1.51   0.84   0.29   0.18  -0.04   0.48   0.31   0.09   0.02   0.38   1.69   1.23   0.61   0.64   0.13   0.06   0.80   0.37   0.22   0.14  -0.21   0.32  -0.00   0.08   0.00   0.00   0.23   0.06   0.00   0.04
 1928   0.00   0.00   0.00   0.00   0.00   1.27   0.90   0.47   0.00   1.15   0.57   0.07   0.81   0.31   0.00   0.01   0.02   0.94   0.47   1.54   0.91   0.42   0.16   0.72   0.29   0.26   0.44   0.20   1.14   0.57   0.17  -0.26  -0.74  -0.43   0.08  -0.39   0.23   0.17   0.00  -0.53   0.01   1.11   0.61   1.47   0.78   0.48   0.07   0.10   0.03   0.03   0.05   0.01
 1929   0.08   0.08   0.16   0.20   0.12   0.33   0.13   0.26   0.27   0.00   0.00   0.00   0.48   0.00   1.18   0.60   2.06   1.06   0.58   0.11   0.10   5.01   2.70   1.52   0.85   2.14   1.48   1.20   0.85   0.96   1.58   0.89   0.51   0.31   0.14   2.01   1.28   0.67   0.32   0.47   0.56   0.34   0.46   0.95   0.57   0.20   0.13   0.42   0.25   0.03   0.10   0.02
 1930   0.01   0.72   0.22   0.00   0.00   0.00   0.13   0.00   0.09   0.00   0.00   0.02   0.14   0.00  -0.02   1.26   0.65   0.20   3.85   1.99   1.08   1.47   1.41   0.86   0.37   0.29   0.11  -0.26  -0.71  -1.25  -1.08  -1.62  -0.34   0.01   0.84   0.49   0.40   0.01   0.30   0.84   0.38   1.01   0.50   0.16   0.13   0.31   1.38   0.71   0.19   0.18   0.17   0.02
 1931   0.01   0.04   0.23   0.00   0.00   0.00   0.45   0.00   0.12   0.04   0.00   0.08   0.71   0.44   0.01   0.66   0.17   0.05   1.30   0.74   0.19  -0.10   0.25  -0.07  -0.37  -1.08  -0.27  -0.69  -1.33  -2.01  -2.57  -2.68  -2.77  -2.37  -2.51  -3.05  -3.29  -1.81  -0.97  -0.91  -0.40  -0.81  -0.84  -0.48  -0.24  -0.08   0.85   0.47   0.01  -0.02  -0.01   0.40
 1932   0.32   0.16   0.43   0.03   0.13   0.03   0.68   0.18   0.08   0.04  -0.00   0.47   0.00   0.00  -0.00  -0.10   0.21   2.50   1.30   0.62   1.86   1.29   0.86   1.52   0.98   0.45   0.41   0.23   0.13  -0.15   0.19   0.80   0.28  -0.21   0.07  -0.40   0.35   0.17   0.08   0.01  -0.19   0.00   0.18   0.04   0.07   0.04   0.01   0.02   0.03   0.25   0.01   0.00
 1933   0.00   0.00   0.00   0.00   0.34   0.16   0.06   0.00   0.00   0.28   0.20   0.93   0.62   0.12   0.00   0.02  -0.19   0.53   1.10   0.63  -0.11  -0.30  -0.57  -1.21  -1.71  -1.28  -0.87   2.06   1.42   1.10   0.87   0.42   0.03   0.25   0.21  -0.37  -0.07  -0.41  -0.22  -0.59  -0.65  -0.71  -0.61  -0.73  -0.47  -0.34  -0.27   0.16  -0.10  -0.04  -0.05   0.01
 1934   0.16  -0.01  -0.01  -0.01  -0.00  -0.00  -0.00   0.19   0.15   0.39  -0.00   0.20   0.84   0.53   0.03   0.01  -0.20  -0.45  -0.94  -1.66  -1.91  -2.94   0.83   0.31   0.12  -0.86  -0.40  -0.18  -1.02  -1.61  -2.30  -1.80  -2.39  -2.46  -2.47  -1.11  -0.41  -0.03   0.59   0.16   0.02   0.02  -0.33  -0.34  -0.46  -0.04  -0.12   0.12   0.21  -0.04  -0.03  -0.02
 1935  -0.01   0.30   0.12   0.05  -0.00  -0.00   0.25   0.36   0.11   0.06  -0.00   0.00   0.26   0.29   1.26   0.64   1.87   1.11   0.61   1.17   0.68   0.64   0.23   0.13   1.47   0.99   0.46   0.14   0.27   0.14   0.74   0.12  -0.33   0.83   0.50   0.47   0.39  -0.08  -0.38  -0.45  -0.48  -0.34  -0.41  -0.25  -0.18  -0.10  -0.08   0.35   0.03   0.17  -0.01   0.23
 1936   0.31   0.05   1.02   1.12   0.93   1.00   1.63   0.89   0.43   0.01  -0.00   0.00   1.50   1.00   0.51   0.02  -0.01  -0.07   0.15  -0.01   0.81   0.79   0.36   0.04  -0.32  -0.93  -1.67  -2.44  -3.05  -3.52  -3.88  -4.37  -4.92  -4.16  -2.03  -2.02   0.52   0.59  -0.43  -0.92  -1.05  -0.94  -0.72  -0.35  -0.25  -0.14  -0.08  -0.05   0.05  -0.02   0.02   0.60
 1937   0.64   0.25   0.29   0.03   0.18   0.16   0.08  -0.00  -0.00  -0.00   0.10   1.53   0.76   0.33   0.00   0.02   1.16   1.15   0.63   0.13   0.02   0.10   0.09  -0.21   0.15   0.07  -0.54  -1.13  -1.46  -1.08  -0.46  -1.24   0.23   0.63   0.47   0.01  -0.33  -1.06  -0.33   0.44   0.06   1.08   0.63   0.13   0.13   0.25   0.06   0.07   0.05   0.10   0.10   0.04
 1938   0.03   0.25   0.29   0.03   0.10   0.47   0.99   0.49   0.02   0.03   0.79   0.29   0.00   0.71   0.22   0.03   0.05   0.08   0.22   1.33   0.79   0.32   0.13   0.01  -0.26  -0.10   1.15   0.65   0.21   0.31   0.59   0.41   0.06  -0.62  -0.96   1.11   3.93   2.26   1.27   0.58   0.07  -0.04  -0.12   1.13   0.87   0.38   0.02   0.01   0.03   0.01   0.08   0.00
 1939   0.28   0.15   0.34   0.17   0.09   0.65   1.15   0.65   0.25   0.50   0.00   0.00   1.33   0.84   0.35   0.74   0.28   0.04   0.23  -0.02   0.13   0.05   0.01  -0.01  -0.40   2.18   1.45   0.81   0.24   0.00  -0.46   1.39   0.92   0.17  -0.35  -0.75  -1.41  -1.73  -1.30  -1.50  -0.83  -0.96  -0.89  -0.58  -0.54  -0.64  -0.48  -0.36  -0.45  -0.42  -0.27  -0.02
 1940   0.06  -0.08  -0.02  -0.04   0.19   0.09   0.03   0.06   0.01   0.74   0.90   0.61   0.44   0.18   0.00   0.35   1.85   0.96   0.45  -0.11  -0.28   0.30   1.07   0.58   0.02  -0.36  -0.73  -0.80  -0.41  -0.13   0.05  -0.51  -1.20  -0.63  -0.54  -1.13  -1.44  -1.79  -1.89  -0.70  -0.39  -0.42   0.12   0.02   0.55   0.04   0.32   0.08   0.01   0.76   0.26   0.03
 1941   0.18   0.00   0.54   0.69   0.19   0.00   0.27   1.90   1.17   0.62   0.12   0.46   0.00   1.18   1.76   2.72   1.40   0.74   0.17  -0.06  -0.05  -0.04  -0.08   0.26   0.34   0.63   0.31   0.50   0.18  -0.32  -0.99  -1.66  -0.82  -1.23  -1.65  -0.39   0.23   0.15   0.50   0.51   0.25   0.25   0.32   0.16   0.19   0.11   0.17   0.06   0.05   0.11   0.02   0.28
 1942   0.28   0.01   0.01   0.00   0.10   0.21   0.14   0.59   0.15   0.00   0.28   0.90   0.93   0.43   0.00  -0.01  -0.04   1.28   1.96   1.03   0.59   0.09  -0.04   0.04   0.54   1.95   1.35   0.80   0.84   0.54   0.43   0.29   0.05  -0.39   0.34   0.89   0.60   0.60   0.42   0.43   0.30   0.10   0.14   0.08   0.12   0.06   0.08   0.21   0.05   0.02   0.06   0.09
 1943   0.14   0.04   0.15   0.00   0.43   0.12   0.10   0.00   0.00   0.91   0.62   0.55   0.06   0.00   0.93   0.44   0.04  -0.16   0.21  -0.00  -0.10  -0.07  -0.02   1.42   0.70   0.19  -0.44  -0.71  -0.10   0.03  -0.83  -1.56  -1.92  -1.37  -1.42  -1.46  -1.56  -1.51  -1.89  -1.75  -0.81  -0.41  -0.11   0.05   0.22  -0.01  -0.01   0.00   0.00   0.02   0.00   0.00
 1944   0.13   0.00   0.00   0.47   0.09   0.48   0.00   0.34   0.18   0.03   0.17   0.30   0.32   0.00   0.04   0.16   2.01   4.22   3.10   1.68   0.96   0.38   0.93   1.65   1.03   0.48   3.36   2.40   1.81   1.22   4.26   2.78   2.02   3.64   2.57   1.95   1.94   1.30   0.93   0.94   0.62   0.50   0.37   0.23   0.38   0.33   0.48   0.26   0.06   0.13   0.30   0.07
 1945   0.01   0.21   0.51   0.01   0.51   0.01   0.06   0.70   0.70   0.40   0.13   0.00   0.00   0.45   0.01   1.08   0.56   0.08   0.40   0.27   1.13   0.82   1.09   0.64   0.34   0.49   0.44   0.45   0.37   0.19   0.53   0.22   0.99   0.65   0.31  -0.06  -0.38  -0.22   0.19   0.04  -0.21  -0.52  -0.58  -0.58  -0.34  -0.12  -0.14   0.36  -0.06   0.03  -0.00   0.41
 1946  -0.01  -0.01  -0.01   0.02   0.08   0.26   0.03  -0.00  -0.00   0.52   0.65   0.16   0.00   0.00   0.18  -0.21  -0.54   0.03  -0.11  -0.06   0.14   0.11  -0.18  -0.65  -0.28  -0.66  -1.28  -1.60  -2.15  -2.16  -1.65  -1.74  -1.82  -1.78  -1.80   0.16   0.28   0.18   0.16   1.23   0.76   0.25   0.24   0.19   1.85   0.99   0.47   0.06   0.05   0.10   0.06   0.23
 1947   0.01   0.05   0.10   0.12   0.64   0.15   0.01   0.12   0.02   0.12   0.18   0.00   0.09   1.31   1.02   0.52   0.05   0.06   0.15   0.13   0.11   1.40   1.58   1.61   1.03   0.64   0.83   0.66   0.57   0.34   0.03  -0.60  -0.42  -0.92  -0.51  -1.17  -0.10  -0.12  -0.45  -0.88  -0.28  -0.60  -0.21   0.74   0.38   0.37   0.35  -0.01   0.56   0.06  -0.01  -0.00
 1948  -0.00  -0.00  -0.00   0.07  -0.00   0.52   0.11   0.21   0.76   0.54   0.04   0.00   0.00   0.30   0.01   0.03   0.01   0.23   0.05  -0.27  -0.59  -0.73  -0.59   0.45   1.75   1.08   0.28  -0.03  -0.20   0.82   0.44   1.64   1.23   0.29  -0.20  -0.32  -0.93  -1.19  -0.73  -0.02  -0.03   0.04  -0.27   0.09   0.02   0.15   1.20   0.60   0.14   0.01   0.08   0.67
 1949   1.57   0.86   0.45   0.42   0.02   0.00   0.02   0.00   0.00   0.04   0.07   0.91   3.36   1.68   1.67   0.85   0.38   0.01  -0.01  -0.02   2.28   1.27   0.74   0.23   0.06   0.95   0.40   0.23   0.44   0.49   0.16  -0.27   0.04  -0.43  -0.73   0.79   3.39   1.96   1.14   0.59   0.30   0.40   0.23   0.11   0.01  -0.01  -0.00  -0.08  -0.04   0.15  -0.02   0.02
 1950   0.09  -0.00   0.05   0.16   0.02  -0.00   0.99   0.59   0.09   0.81   0.37   0.24   0.18   0.00   0.24   0.01   0.31   0.61   0.54   1.27   0.77   0.67   0.29   1.19   3.57   2.05   1.25   0.81   1.92   1.51   0.92   0.99   0.80   0.53   0.33   0.13   0.09   0.54   0.23   0.84   0.39   0.29   0.11   0.21   0.10   0.08   0.14   0.03   0.05   0.02   0.01   0.01
 1951   0.00   0.00   0.01   0.00   0.00   0.18   0.00   0.01   1.65   1.08   1.35   0.95   0.92   0.96   0.86   1.38   2.33   1.78   1.43   1.01   0.57   0.90   0.44   0.24   4.67   2.61   2.22   1.89   1.57   0.94   0.57   0.75   4.59   3.34   2.48   3.23   2.99   1.97   1.56   1.14   1.19   0.94   0.89   0.38   0.25   0.30   0.27   0.24   0.15   0.41   0.14   0.04
 1952   0.14   0.13   0.40   0.36   0.00   0.00   0.38   0.51   0.36   0.08   0.84   1.01   0.51   0.01   0.58   0.28   0.06   0.03   0.44   0.10   2.37   1.30   0.80   0.12  -0.22  -0.22   0.20   0.10  -0.37  -0.86   0.08   0.30   0.10   0.13   0.35  -0.08  -0.25  -0.37  -0.94  -0.91  -0.99  -0.80  -0.87  -0.86  -0.68  -0.60  -0.39   0.00  -0.18  -0.12   0.22   0.07
 1953   0.03  -0.02   0.15  -0.01  -0.01   0.23   0.14   0.88   0.52   0.08   0.14   0.06   0.06   0.65   1.52   0.81   1.02   1.58   2.95   1.56   1.01   0.56   2.10   1.20   0.55  -0.11  -0.14  -0.38  -0.75   0.71   0.57   1.33   0.91   0.52   0.15   0.71   0.35   0.04  -0.40  -0.67  -0.88  -0.93  -0.50  -0.59  -0.40  -0.57   0.27  -0.10   0.78   0.35  -0.07  -0.05
 1954  -0.03  -0.02  -0.02  -0.01  -0.01  -0.00  -0.00   1.33   0.73   0.28   0.57   0.23   0.35   0.11   0.01   0.22   0.04   1.47   0.77   0.33   0.36   2.76   1.56   0.81   1.76   1.23   0.74   0.29   0.03  -0.08   0.08   0.37   0.42   1.14   0.52   0.95   0.66   0.31  -0.06   0.21   0.20   0.17   0.48   0.13   0.14   0.13   0.09   0.30   0.08   0.03   0.02   0.01
 1955   0.01   0.02   0.04   0.09   0.20   0.04   0.00   0.46   0.00   0.02   0.00   0.32   0.00   0.10   0.00  -0.13   0.31  -0.35  -0.81  -1.27  -0.61  -1.05  -0.08  -0.26   0.70   0.34  -0.41  -0.81  -1.35  -2.20  -3.26  -3.46  -3.96  -4.49  -3.81  -3.70  -3.67  -3.23  -1.96  -1.48  -1.78  -1.62  -1.40  -1.01  -0.78  -0.52  -0.35  -0.23   0.11  -0.10  -0.07  -0.05
 1956  -0.01  -0.02   0.03   0.03   0.05  -0.00   0.01   0.01   0.02   0.06   0.00  -0.00   0.00   0.18   0.00   0.00   0.25   0.05   0.22   0.05  -1.02  -0.66  -1.00  -2.50  -3.22  -2.70  -2.29  -0.63  -0.16  -1.25  -0.60  -0.55  -0.69  -1.82  -2.63  -2.65  -2.42  -2.58  -2.32  -2.52  -2.58  -2.37  -1.89  -1.13  -0.72  -0.46  -0.29  -0.21  -0.14  -0.03  -0.06  -0.04
 1957  -0.03   0.04  -0.01  -0.01  -0.01  -0.00  -0.00   0.08  -0.00  -0.00   1.17   0.58   0.08   0.67   0.17   0.01  -0.01  -0.21   0.79   1.62   0.88   0.21  -0.02   0.36   0.01   0.33   0.52   0.57   0.03  -0.45  -0.11  -0.22  -1.01  -1.43  -0.69  -0.49   0.05   0.39   0.16   0.35   0.22   0.33   0.17   0.44   0.11   0.59   0.07   0.05   0.03   0.03   0.02   0.02
 1958   0.01   0.01   0.06   0.00   0.06   0.00   0.09   0.00   1.40   1.15   0.58   0.08   0.00   1.82   0.91   0.43   1.30   0.69   0.21  -0.07  -0.30  -0.17  -0.43   0.07  -0.17  -0.75   0.47   0.31   0.32   0.83   0.26  -0.14  -0.74  -1.13  -1.48  -1.66  -1.34  -1.78  -1.82  -1.93  -1.93  -1.97  -1.58  -1.39  -0.99  -0.52  -0.40  -0.27  -0.14  -0.12  -0.08  -0.05
 1959  -0.01  -0.02   0.05  -0.01  -0.01   0.15   0.01   0.14   0.01   0.20   0.24   0.00   0.86   0.37   0.00   0.65   0.16   0.69   0.40   0.09   0.46   1.68   0.88  -0.23  -0.73   0.78   0.49  -0.56  -0.25  -0.96   0.58   0.35   0.02   0.02  -0.52  -0.99  -1.28  -0.44  -0.19   0.12   0.23   0.11   0.22   0.85   1.60   1.71   0.90   0.38   0.03   0.03   0.02   0.97
 1960   0.82   0.66   0.16   0.00   0.00   0.28   0.00   0.09   0.17   0.82   1.18   0.61   0.41   1.45   0.73   0.25   0.54   2.77   1.43   2.53   2.24   1.25   0.77   0.75   0.39   0.46   0.38   0.57   0.44   0.22  -0.11  -0.32   0.19   1.00   3.33   2.43   1.65   0.98   0.53   0.27   0.22   0.10  -0.01   0.65   0.16   0.06   0.05   0.80   0.52   0.02   0.03   0.16
 1961   0.30   0.00   0.02   0.00   0.25   0.00   0.33   0.04   0.36   1.13   0.57   0.07   0.00   0.26   0.56   0.08   0.04   0.40   0.08   1.00   0.55   0.22   0.21   0.63   0.18  -0.08  -0.31   0.17   0.23   0.53   0.02  -0.30  -0.23  -0.22  -0.98  -0.73  -0.05   0.11   0.13  -0.07   0.13   0.12  -0.05   0.16   0.01   0.13   0.01   0.01   0.07   0.15   0.21   0.00
 1962   0.00   0.00   0.03   0.00   0.00   0.00   0.52   0.55   0.38   0.60   0.44   0.94   0.50   0.32   0.12   0.02   0.32   0.05   0.03   1.30   2.29   1.81   4.78   4.28   2.39   1.39   0.92   0.59   0.42   1.14   0.84   0.97   0.59   0.22   0.88   1.82   1.36   0.76   0.63   0.58   0.42   0.21   0.11   0.04  -0.01  -0.05  -0.12  -0.21  -0.13  -0.08   0.09   0.11
 1963  -0.03   0.41  -0.01  -0.01   0.01   0.07  -0.00   0.07   0.43   0.07   0.31   0.00   0.00  -0.10  -0.08  -0.31   0.65   0.25   0.01   0.00  -0.29   3.03   1.74   1.91   1.30   0.98   2.66   1.80   1.30   2.37   2.50   1.92   1.13   0.77   0.85   0.82   0.42   0.49   0.25  -0.02  -0.33  -0.14  -0.39  -0.40  -0.46  -0.37  -0.22  -0.16  -0.06  -0.05  -0.04  -0.03
 1964  -0.02   0.25  -0.01  -0.01  -0.00  -0.00   0.13  -0.00   0.26   0.05   0.14   0.80   0.30   0.72   0.23   0.02   1.05   0.56   0.91   0.48   0.02  -0.24  -0.62   0.87   0.60   0.32   0.85   0.62   0.14  -0.02   0.94   0.61   0.59   1.75   1.40   2.04   1.31   0.94   0.65   0.45   0.23   0.09  -0.01  -0.18  -0.27   0.10  -0.10  -0.01   0.03  -0.03   0.13   0.19
 1965  -0.01  -0.01  -0.00   0.03  -0.00   0.96   0.46   0.06   0.02   0.02   0.34   0.12  -0.00   0.83   0.34   0.02   0.32   0.07   0.10   0.22   2.42   1.35   2.22   1.30   0.71   0.43   0.51   0.49   0.32   0.15  -0.02   0.00  -0.45   0.46   0.23   0.76   0.42   2.01   3.10   1.85   1.14   0.67   0.34   0.17   0.10   0.19   0.06   0.04   0.03   0.23   0.17   0.01
 1966   0.01   0.00   0.26   0.00   0.00   0.91   0.41   0.00   0.11   0.14   0.00   0.73   0.23   0.00   0.00   0.76   0.29   0.06   0.06  -0.07  -0.08   0.40   1.05   0.59   1.09   0.49   0.52   0.17   0.24  -0.05  -0.27   0.43   1.37   1.01   0.72   0.94   0.45   0.24   0.20  -0.02   0.86   0.39   0.21   0.15   0.18   0.08   0.06   0.05   0.14   0.02   0.01   0.31
 1967   0.34   0.02   0.00   0.00   0.00   0.00   0.00   0.00   0.00   0.00   0.01   0.00   0.00   0.06   0.00   0.01   0.02  -0.16  -0.04  -0.41  -0.25   0.59   1.30   3.49   4.99   2.80   1.61   0.99   0.67   0.33   0.10   0.36   0.26   0.53   0.19  -0.12  -0.13  -0.59  -0.76  -0.57  -0.65  -0.69  -0.31  -0.12  -0.11  -0.04  -0.02  -0.02   0.05  -0.01   0.12  -0.00
 1968   0.14   0.10  -0.00   0.03  -0.00  -0.00  -0.00   0.01  -0.00  -0.00  -0.00   0.00   0.00   0.74   0.24   0.39   0.02   0.04  -0.10  -0.51  -0.54  -0.94  -1.83  -2.38  -1.67  -1.20  -1.72  -2.61  -2.90  -2.84  -3.48  -1.68  -1.60  -2.77  -0.97  -0.39   0.04   0.25   0.13   0.07   0.12   4.26   2.26   1.24   0.93   0.50   0.09   0.12   0.04   0.19   1.74   0.88
 1969   0.71   0.20   0.37   0.51   0.00   0.00   0.52   0.20   0.46   0.00   0.00   1.04   0.52   0.02   0.01   0.02   0.03  -0.01  -0.11   0.42   0.12   0.03  -0.13   0.31   0.16   2.82   2.02   1.64   1.21   1.06   1.10   0.78   0.40   0.32   0.64   0.59   0.58   0.66   0.42   0.55   0.91   0.65   0.28   1.00   0.50   0.19   0.11   0.08   0.16   0.04   0.02   0.62
 1970   0.11   0.01   0.07   0.00   0.00   0.00   0.03   0.00   0.32   0.46   0.00   0.63   0.22   0.00   0.98   1.62   0.86   0.36   0.93   0.47   0.15   1.19   0.73   1.73   1.11   0.51   0.11  -0.21  -0.39  -0.93  -0.53  -0.93  -1.24  -1.37  -1.43  -1.98  -1.00  -0.29   0.03  -0.08   1.24   0.70   0.31   0.44   0.70   0.16   0.31   0.04   0.03   0.60   0.12   0.04
 1971   0.12   0.05   0.00   0.00   0.02   0.00   0.00   2.09   1.20   0.60   0.10   0.87   0.37   0.00   0.01   0.11   0.04   0.06   0.04  -0.00   0.01   0.07   3.66   4.42   2.41   1.24   0.82   0.40   0.23  -0.01  -0.44  -0.90  -1.21  -1.70  -2.02  -2.14  -2.22  -1.24  -0.84  -0.86  -1.12  -1.27  -0.44   0.43   0.09   0.59   0.12   0.26   0.10  -0.02  -0.01   0.42
 1972  -0.01  -0.00  -0.00   0.12  -0.00   0.46  -0.00  -0.00   0.08  -0.00  -0.00   0.00   0.00   0.00   0.00   0.25   0.49   3.35   2.81   1.52   2.02   1.15   2.48   1.48   0.96   0.44   0.45   0.30   1.92   1.54   0.98   0.70   0.28   0.25   0.48   0.26  -0.13   0.25   0.08   0.14  -0.05   0.07   0.06   1.02   0.58   0.05   0.04   0.02   0.08   0.01   0.01   0.88
 1973   0.38   0.00   0.47   0.29   0.00   0.02   0.46   0.00   0.00   1.14   1.28   2.05   2.44   1.22   2.18   1.11   0.59   0.10   0.01  -0.08   1.87   1.59   1.01   0.48   0.50   0.25   0.30   0.03   0.17   0.36  -0.06  -0.65  -1.29  -1.83  -1.79  -0.08  -0.03   0.09   1.37   0.85   0.42   0.29   0.14   0.11   0.07   0.19   0.71   0.19   0.04   0.14   0.01   0.41
 1974   0.05   0.02   0.00   0.01   0.00   0.00   0.00   0.06   0.00   0.20   0.00   0.37   0.00   0.66   0.17   0.02  -0.11  -0.44   0.10  -0.15  -0.37  -0.55   0.81   0.51   0.04  -0.75  -1.19  -2.01  -2.31  -2.66  -1.19  -0.45  -0.37  -1.23  -0.49   0.02   0.13  -0.37  -0.94  -1.03  -1.33  -1.42  -0.95  -0.49  -0.30  -0.18  -0.12  -0.05  -0.05   0.06  -0.01  -0.01
 1975   0.01   0.13   0.18   0.01   0.01   0.05   0.01  -0.00  -0.00   0.07   0.18   0.26   0.23   0.46   0.15   0.11   0.03   0.19   0.06  -0.31  -0.61  -0.74  -0.19  -0.07   1.07   0.43  -1.16  -1.68  -2.22  -2.79  -2.53  -2.43  -0.66  -0.02  -0.66  -0.93  -1.45  -1.15  -0.57  -1.16  -1.53  -1.45  -0.83  -1.02  -0.26  -0.34   0.36   0.08  -0.10  -0.07  -0.05   0.00
 1976   0.12  -0.01  -0.01  -0.01   0.03  -0.00   0.05  -0.00  -0.00   0.30   0.18   0.00   0.40   0.00   0.00   0.01   0.74   0.24   0.05  -0.53  -0.03  -0.61  -1.59  -2.39  -1.14  -1.31  -2.16  -1.80  -2.60  -1.31  -1.97  -2.71  -1.19  -2.33  -2.47  -2.22  -1.68  -2.07  -1.52  -1.67  -1.90  -1.22  -0.81  -0.49  -0.32  -0.21  -0.18  -0.12  -0.05  -0.05  -0.04  -0.02
 1977  -0.01  -0.01   0.01   0.00  -0.00  -0.00   0.04   0.08   0.23   0.06   0.17   0.21   0.30   0.35   0.17   0.85   0.37   0.05  -0.59  -0.88   0.37   0.14  -1.10  -0.49  -0.59  -1.08  -2.16  -2.20  -1.38  -1.25  -0.75   0.04  -0.86  -0.88   0.01   0.18  -0.39  -0.99  -0.24   0.25   0.02   0.09   0.13   0.10   0.50   0.07   0.05   0.04   0.05   0.02   0.23   0.27
 1978   0.01   0.01   0.04   0.02   0.21   0.12   0.35   0.09   0.07   0.01   0.13   0.00   0.00   0.26   0.18   0.52   0.04   0.51   0.31   0.10  -0.10   0.80   0.37  -0.31  -0.54  -1.23   0.56   0.42   2.76   1.72   0.98   0.10   0.68   0.20  -0.20  -0.84  -0.88  -0.91  -1.27  -1.14  -0.69  -0.84  -0.62  -0.85  -0.79  -0.42  -0.34  -0.13   0.17  -0.11  -0.05  -0.05
 1979  -0.03   0.08   0.13   0.45  -0.01  -0.00   0.01   0.14   0.74   0.26   0.51   2.74   1.37   0.78   0.95   0.48   0.31   0.06   3.34   1.77   1.01   0.84   0.60   0.40   0.46   0.56   0.46   0.27   0.45   0.50   2.35   1.71   1.90   1.52   1.24   1.31   1.71   0.97   0.84   0.49   0.28   0.21   0.16   2.41   1.90   1.02   2.67   1.36   0.70   0.18   0.18   0.02
 1980   0.01   0.20   0.00   0.00   0.19   0.05   0.11   0.02   0.00   0.17   0.00   0.00   0.41   1.12   0.63   0.16  -0.01  -0.13   0.05   0.11  -0.09   0.01  -0.24  -0.27  -0.43  -0.86  -1.43  -2.17  -2.27  -2.25  -0.98   1.73   1.18   0.72   0.29  -0.24  -0.82   0.03  -0.09  -0.59  -0.88  -0.27   0.06  -0.09   0.02   0.03   0.01   0.08   0.04   0.00   0.04   0.00
 1981   0.00   0.00   0.00   0.00   0.07   0.12   0.00   0.00   0.09   0.00   0.00   0.00   0.87   0.37   0.00  -0.45  -1.21  -0.69  -0.40  -0.24  -0.88  -0.56  -1.58  -0.78  -1.02  -1.45  -1.73  -3.10  -1.51   0.35   0.43   0.02  -0.25  -1.09  -0.70  -1.11  -1.73  -2.04  -1.10  -1.15  -1.10  -0.51  -0.29  -0.03   0.00  -0.30  -0.15   0.35  -0.08   0.09  -0.04  -0.01
 1982   0.06   0.02   0.00   0.52   0.08   0.01  -0.00  -0.00   0.18   0.02   0.25   0.15   0.00   0.48   0.00   0.01   0.03  -0.03  -0.12   1.76   2.23   1.23   0.76   0.30   0.05   0.52   0.30   0.05   0.05  -0.18  -0.21  -0.73  -1.14  -1.49  -1.30  -0.98  -0.73  -1.01  -0.13   0.06   0.76   0.99   0.54   0.17   1.75   0.99   0.45   0.28   0.23   0.03   0.10   2.13
 1983   1.08   1.39   0.71   0.28   0.32   0.00   0.32   0.00   0.23   0.60   1.43   1.62   1.56   1.14   2.50   1.26   0.66   0.51   0.08   0.79   0.36   0.11   0.05   1.60   0.94   3.87   2.29   1.36   0.73   0.47   0.36  -0.00  -0.65  -0.88  -1.42  -1.45  -0.93  -0.94   0.01   0.03   0.07   0.30   0.14   0.12   0.33   0.28   0.47   0.35   0.03   0.02   0.05   0.03
 1984   0.01   0.15   0.00   0.00   0.05   0.00   0.63   0.13   0.00   4.25   2.13   1.06   0.53   1.48   2.08   1.75   1.88   1.79   0.94   0.51   0.49   0.18   0.30   0.33   3.72   2.12   1.22   0.82   0.39   0.41   0.05  -0.44  -0.90  -0.60  -0.99  -0.65  -0.43  -0.86  -0.66   0.27   0.89   1.28   0.76   0.22   0.32   0.11   0.08   0.05   0.03   0.28   0.02   0.04
 1985   0.01   0.09   0.06   0.00   0.48   0.00   0.00   0.00   0.40   0.00   0.00   0.30   1.60   0.80   0.31   2.34   1.71   0.91   0.68   0.19   0.06  -0.04  -0.22  -0.39  -0.77   2.62   1.54   0.73   0.12  -0.27  -0.21   0.75   0.45   0.95   0.81   0.61   2.01   1.52   1.16   0.57   0.69   0.45   0.43   0.32   0.35   0.37   0.24   0.26   0.16   0.03   0.05   0.02
 1986   0.08   0.01   0.00   0.09   0.44   0.13   0.00   0.00   0.00   0.00   1.93   0.96   0.47   0.57   0.52   0.87   0.41   0.08   0.49   1.52   1.95   1.10   1.40   0.91   0.35   1.53   1.05   0.47   0.60   0.62   0.25   0.08   0.34   0.51   0.21   0.06   0.98   2.53   1.56   2.36   1.55   1.04   0.65   0.40   0.42   0.24   0.13   0.09   0.31   0.04   0.03   0.02
 1987   0.06   0.01   0.10   0.08   0.08   0.00   0.00   0.00   0.00   0.00   1.72   3.92   2.42   1.21   1.08   0.57   0.02  -0.11  -0.35  -0.33   0.16  -0.10  -0.37   0.10   0.16   0.38   0.12   0.21  -0.05   0.98   0.40   0.08   0.10   0.24  -0.12  -0.30   0.21   0.68   0.27   0.09  -0.15  -0.30  -0.07  -0.15  -0.04   0.18   0.00   0.25   0.64   0.14   0.00   0.12
 1988   0.00   0.05   0.59   0.11   0.00   0.11   0.03   0.00   0.00   0.00   0.03   0.00   0.00   0.62   0.12   0.58   0.51   0.05  -0.06  -0.34   1.18   0.69  -0.08  -0.53  -1.43  -1.71  -0.68  -0.52  -0.92  -1.60  -0.71  -1.01  -1.22  -0.06  -0.35  -0.91  -0.08   0.11   0.14   0.12  -0.14  -0.31  -0.44  -0.51  -0.47  -0.19  -0.14  -0.06  -0.08  -0.03  -0.04  -0.02
 1989   0.15  -0.01  -0.01   0.02  -0.00   0.04   0.02   0.12   0.24  -0.00   0.28   0.00   0.00   0.00   0.00  -0.25  -0.44  -0.47  -1.05  -0.64  -1.44  -1.83  -2.40  -2.72  -2.47  -1.35  -2.69  -1.89  -2.35  -2.40  -3.06  -3.43  -2.82  -1.21  -1.27   0.10   0.01   0.01  -0.80  -1.03  -1.42  -1.22  -1.56  -0.99  -0.70  -0.47  -0.36  -0.18  -0.13  -0.05  -0.07  -0.02
 1990  -0.03  -0.02   0.11   0.02  -0.01  -0.00   0.03  -0.00  -0.00   0.31   0.00   0.06   0.00   0.00   0.00   0.01   0.18   0.02   0.54   1.56   1.20   0.68  -0.07  -0.22  -0.72  -1.67  -2.41  -1.31  -1.81  -1.66  -2.11  -2.12  -2.69  -0.92  -0.21  -1.42  -2.15  -1.18  -1.62  -0.74  -0.37  -0.02   0.01   0.11   0.10   0.03   0.02   0.05   0.16   0.01   0.01   0.01
 1991   0.04   0.03   0.00   0.04   0.02   0.00   0.10   0.00   0.00   0.00   0.17   0.04   0.16   0.00   0.72   0.22   0.42   0.81   0.33   0.09  -0.39   2.05   1.52   0.91   0.51   0.11  -0.20  -0.72  -0.79  -1.08  -1.61  -0.84  -1.13  -1.70  -2.29  -2.44  -1.10  -0.74  -1.12  -0.46  -0.41  -0.52  -0.65   0.23  -0.13   0.00  -0.11   0.49   0.01   0.25  -0.02  -0.01
 1992   0.22   0.20  -0.00  -0.00  -0.00  -0.00   0.43   0.54   0.04   2.93   1.47   0.73   0.62   0.12   0.00   1.28   0.67   0.18  -0.02   0.93   0.47   0.15   0.83   0.39   0.26   0.98   0.60   0.87   0.85   1.28   0.98   3.11   2.16   4.22   3.51   3.38   2.36   1.64   0.91   1.92   5.03   2.74   1.67   2.25   1.29   0.71   0.50   0.14   0.11   1.10   0.56   0.22
 1993   0.01   0.14   0.32   0.00   0.00   0.02   0.36   0.84   0.34   0.00   0.00   0.26   1.03   1.05   1.20   1.83   0.95   0.52   0.78   0.31   0.19   3.44   1.90   1.15   2.22   1.41   2.32   2.20   1.82   1.82   1.31   1.16   3.12   2.25   1.73   1.53   1.11   1.55   0.86   0.66   1.26   0.71   0.49   0.34   0.23   1.28   1.23   0.63   0.11   0.37   0.05   0.10
 1994   0.06   0.02   0.01   0.87   0.37   0.14   0.01   0.90   0.40   0.00   0.00   0.00   0.02   0.00   1.02   0.54   0.65   0.16   0.08   0.08   0.02  -0.04   0.04   0.03   1.70   1.02   0.88   0.64   0.80   0.50   0.27   0.28   0.01   0.50   0.43   1.03   0.78   1.24   0.63   0.72   0.49   0.35   0.15   0.04  -0.06  -0.15   0.05   0.17   0.30   0.05  -0.02   0.16
 1995  -0.01  -0.01   0.01   0.13  -0.00   0.01  -0.00  -0.00   0.03   0.27   0.10   2.00   2.71   1.36   1.98   3.60   2.02   1.90   1.75   0.95   1.40   2.81   1.59   0.92   0.49   0.18   0.38   0.27   0.19  -0.12   0.10  -0.53  -0.84   1.78   1.18   0.47  -0.23   1.56   0.95   1.96   1.23   0.73   1.75   1.96   1.04   0.70   0.15   0.37   0.14   0.03   0.02   0.01
 1996   0.18   0.01   0.09   0.41   0.00   0.00   0.00   0.00   0.00   0.09   0.00   0.75   0.25   0.00   0.40   0.02   0.04   0.21   0.07   0.12   0.16   1.42   0.89   0.46   0.43   0.33   0.14  -0.00   2.62   2.16   2.96   2.12   1.42   0.76   0.66   0.72   0.39   0.60   1.35   0.85   0.44   1.06   0.49   0.76   0.22   2.81   1.50   1.32   0.75   0.28   0.05   0.80
 1997   0.61   0.30   0.10   0.02   0.96   0.51   0.03   0.00   0.00   0.10   0.31   0.00   0.00   0.19   0.74   0.31   0.03   1.29   0.70   0.22   4.56   2.38   1.31   0.81   0.34   0.10   0.60   1.96   1.65   1.09   0.54   0.29   0.55   0.32   0.10   0.31   0.18   2.42   1.46   0.75   2.89   1.66   1.70   0.95   0.36   0.12   0.08   0.06   0.13   0.17   0.34   0.01
 1998   0.01   0.10   0.31   0.08   0.00   0.00   0.20   0.00   0.51   0.99   0.63   0.33   1.15   2.46   2.53   1.28   1.20   0.65   0.17   0.15   0.07   0.84   1.31   1.37   1.27   0.91   0.87   0.97   0.96   0.67   1.40   0.98   0.52   0.48   0.16  -0.15  -0.66  -0.94  -0.40   1.33   0.81   0.66   0.25   1.68   2.56   1.33   0.70   0.21   0.09   0.07   0.05   0.37
 1999   0.32   0.04   0.01   0.01   0.00   0.00   0.08   0.99   0.49   0.57   0.07   0.00   0.00   2.01   2.81   1.57   0.82   0.57   0.30   0.14   1.22   2.01   3.84   2.67   1.90   3.72   3.10   2.00   8.27   4.91   2.77   1.66   0.82   0.22  -0.00  -0.03  -0.32  -0.59  -0.80  -0.25  -0.42  -0.46  -0.52  -0.60  -0.79  -0.80  -0.47  -0.33  -0.22  -0.14  -0.10  -0.09
 2000  -0.06  -0.04  -0.03  -0.02   0.01  -0.01   0.13   0.46  -0.00   0.09   0.12   0.05   0.00   0.04   0.00   0.43   0.03   0.04  -0.42   0.95   0.69   0.26   0.07   0.07   0.62   0.27   0.14  -0.52  -1.03  -0.52  -0.38  -1.11  -1.36   0.15   0.07  -0.58  -1.22  -0.38  -0.49  -0.21  -0.52  -0.81  -0.25   0.46   1.79   1.09   0.54   0.10  -0.01   0.00   0.00  -0.00
 2001  -0.00   0.60   0.12  -0.00   0.70   0.22   0.13  -0.00  -0.00  -0.00   0.09   0.08   0.11   0.12   0.77   0.45   0.45   1.38   0.76   0.23   0.24   0.29   0.18   0.02  -0.25   0.54   1.41   1.14   0.92   0.87   0.57   0.16   0.36   0.01   0.02   0.20   1.94   1.23   0.54   0.07   1.11   0.65   0.22   0.21   0.03  -0.19   2.62   2.08   1.04   0.52   0.03  -0.01
 2002  -0.01  -0.00  -0.00  -0.00   0.26   0.20  -0.00  -0.00   0.10  -0.00  -0.00  -0.00   0.00   0.00   0.01   0.02   0.17   0.06   1.48   0.80   0.33   0.01  -0.10  -0.34  -0.21  -0.81  -1.36  -1.69  -2.25  -2.29  -1.56   0.11   0.13   0.26   0.22  -0.50   0.10  -0.30  -0.60   0.13   0.02   0.07   0.22   0.25   0.05   0.04   0.03   0.08   0.02   0.01   0.09   0.01
 2003   0.07   0.00   0.14   0.03   0.00   0.00   0.21   0.00   0.23   0.01   0.00   0.00   0.63   0.58   0.08   0.20   0.03   0.99   0.76   0.29 -99.00 -99.00 -99.00 -99.00 -99.00 -99.00 -99.00 -99.00 -99.00 -99.00 -99.00 -99.00 -99.00 -99.00 -99.00 -99.00 -99.00 -99.00 -99.00 -99.00 -99.00 -99.00 -99.00 -99.00 -99.00 -99.00 -99.00 -99.00 -99.00 -99.00 -99.00 -99.00
