 1893   0.14   0.20   0.19   0.21   0.24   0.27   0.47   0.46   0.66   0.86   0.97   0.98   0.91   0.79   0.77   1.00   1.61   1.96   1.91   1.80   1.67   1.65   1.49   1.23   0.98   0.81   0.96   0.86   0.81   0.85   0.66  -0.82  -0.73  -0.58  -0.61  -0.74  -0.87  -0.89  -0.81  -0.72  -0.77  -0.85  -0.83  -0.89  -0.95  -0.98  -1.03  -0.60  -0.64  -0.66  -0.70   0.74
 1894   0.77   0.72   0.73   0.75   0.74   0.70   0.66   0.74   0.69   0.59  -0.22  -0.25  -0.31  -0.39   0.29   0.44   0.65   0.80   0.77   0.68   0.53   0.53  -0.25  -0.38  -0.47  -0.62  -0.74  -0.84  -0.96  -1.13  -1.20  -1.33  -1.24  -1.36  -1.49  -1.63  -1.73  -1.86  -1.88  -1.69  -1.73  -1.81  -1.88  -1.85  -1.90  -1.93  -1.97  -2.01  -2.04  -1.80  -1.84  -1.90
 1895  -1.92  -1.95  -1.90  -1.84  -1.80  -1.80  -1.84  -1.88  -1.92  -1.99  -2.06  -2.17  -2.11  -1.92  -1.99  -2.06  -2.02  -2.11  -2.15  -2.25  -2.40  -2.05  -2.14  -1.97  -1.87  -1.86  -1.92  -1.76  -1.84  -1.72  -1.74  -1.40  -1.42  -1.43  -1.35  -1.29  -1.35  -0.79  -0.83  -0.84  -0.88  -0.93  -0.94  -0.99  -1.03  -0.96  -0.87  -0.87  -0.89  -0.91  -0.93  -0.96
 1896  -0.98  -1.00  -0.99  -1.00  -0.97  -1.00  -1.03  -1.05  -0.98  -1.02  -1.03  -1.06  -0.92  -0.93  -0.68   0.96   1.39   1.80   1.67   2.02   2.26   2.16   2.84   2.71   2.96   2.98   3.22   3.14   3.05   3.61   3.76   3.67   3.94   3.85   3.74   3.85   3.78   3.69   3.66   3.61   3.86   3.76   3.69   4.05   4.43   4.37   4.29   5.02   4.97   4.89   4.85   4.80
 1897   5.24   5.41   5.47   5.43   5.35   5.31   5.26   5.25   5.20   5.37   5.29   5.47   5.73   6.23   6.26   6.15   6.03   5.86   5.83   5.65   5.43   5.78   5.63   5.36   5.16   5.51   5.35   5.54   5.89   5.86   5.70   5.69   5.67   5.53   5.35   5.18   5.12   4.92   4.66   4.45   4.35   4.53   4.49   4.37   4.33   4.21   4.15   4.32   4.60   4.80   4.84   4.76
 1898   4.67   4.58   4.66   4.79   4.70   4.88   4.79   4.77   4.68   4.68   4.76   4.62   4.60   4.49   4.40   4.45   4.35   4.61   4.43   5.01   5.14   5.12   5.71   5.49   5.42   5.36   5.45   5.32   5.14   5.31   5.53   5.96   5.87   5.71   5.52   5.37   5.47   5.25   5.03   4.88   4.79   5.10   5.00   4.90   4.78   4.82   4.79   4.71   4.70   4.61   4.51   4.40
 1899   4.34   4.33   4.24   4.30   4.29   4.20   4.10   4.13   4.35   4.26   4.52   4.40   4.31   4.24   4.06   3.96   3.80   4.49   4.42   4.49   4.73   4.92   4.97   4.86   4.77   5.54   5.70   5.64   5.51   5.39   5.42   5.28   5.39   5.27   5.26   5.13   4.93   4.74   4.56   4.52   4.38   4.26   4.34   4.20   4.07   3.93   3.87   3.92   4.05   3.97   3.86   3.84
 1900   3.80   3.75   3.69   3.59   3.50   3.68   3.81   3.72   3.63   3.58   3.46   3.47   3.70   3.53   3.66   3.86   4.24   4.15   4.19   4.08   4.16   4.41   4.26   4.07   3.84   3.71   3.78   4.81   5.34   5.28   5.09   4.94   5.09   5.15   5.04   4.88   5.37   5.56   5.44   5.33   5.19   5.15   5.41   5.33   5.21   5.15   5.08   4.98   4.91   4.82   4.89   4.89
 1901   4.82   4.82   4.73   4.64   4.56   4.82   4.74   4.68   4.67   4.65   4.70   4.71   4.81   4.71   4.63   4.75   4.69   5.05   4.96   4.80   4.71   4.53   4.66   4.70   4.85   4.77   4.63   4.47   4.26   4.01   3.96   4.12   3.93   3.71   3.50   4.34   5.39   5.44   5.73   5.75   5.84   5.75   5.92   6.10   6.02   5.94   5.83   5.75   5.86   5.93   6.03   5.94
 1902   5.86   5.76   5.68   6.03   6.08   6.10   6.04   5.94   6.10   6.03   5.94   5.81   5.88   5.79   5.71   5.55   5.68   5.74   5.51   5.70   5.54   5.34   5.20   5.07   5.15   5.15   5.35   5.53   5.60   5.52   5.31   5.37   5.42   5.87   5.88   5.74   5.58   6.56   6.48   6.37   6.25   6.13   6.00   6.01   5.90   5.86   5.75   5.64   5.82   5.81   6.11   6.03
 1903   5.94   5.84   5.76   5.67   5.77   5.74   5.64   5.56   5.65   5.54   5.49   5.34   5.24   5.09   4.90   4.83   5.09   4.97   5.28   5.13   5.70   6.11   6.02   5.79   6.14   6.01   6.19   6.48   6.69   6.54   7.12   7.09   7.06   7.17   7.35   7.27   7.30   7.12   6.96   7.31   7.31   7.21   7.09   7.05   6.93   6.82   6.78   6.68   6.59   6.53   6.43   6.32
 1904   6.30   6.19   6.11   6.09   6.01   5.98   5.97   5.96   5.86   5.79   5.70   5.58   5.48   5.70   5.52   5.63   5.49   5.37   5.25   5.66   5.77   6.05   5.87   5.83   5.92   5.87   6.16   6.05   5.95   5.83   5.97   5.99   6.55   6.47   6.50   6.35   6.21   6.01   5.94   5.79   5.97   6.52   6.41   6.29   6.21   6.10   5.97   5.87   5.77   5.68   5.58   5.49
 1905   5.52   5.68   5.59   5.68   5.70   5.94   5.85   5.75   5.63   5.55   5.83   5.68   5.52   5.38   5.22   5.09   5.43   5.60   5.91   6.40   6.49   6.64   6.49   6.35   6.24   6.75   6.99   7.18   7.05   6.99   7.01   6.84   6.92   6.97   6.92   6.78   6.92   7.35   7.16   7.15   7.16   7.13   7.02   7.02   7.30   7.17   7.26   7.78   7.66   7.55   7.44   7.33
 1906   7.40   7.28   7.25   7.14   7.03   6.92   7.08   6.97   7.18   7.13   7.16   7.07   7.09   7.17   7.14   6.96   7.12   7.06   6.82   6.60   6.50   6.36   6.11   5.78   5.95   5.93   5.77   5.75   5.73   5.53   5.62   6.08   5.91   7.37   7.37   7.21   8.34   8.66   8.49   8.39   8.24   8.51   9.35   9.25   9.11   9.04   8.89   8.76   8.74   8.65   8.55   8.45
 1907   8.49   8.35   8.23   8.29   8.33   8.21   8.07   8.05   7.99   7.87   7.73   7.49   7.32   7.15   6.96   6.87   6.75   6.63   6.48   6.38   6.71   6.59   7.21   6.97   6.88   6.68   6.86   7.24   7.78   7.65   7.59   7.50   7.42   7.47   7.36   7.17   6.96   6.99   6.92   6.88   6.72   6.53   6.37   6.23   6.07   5.93   5.78   5.64   5.51   5.54   5.41   5.48
 1908   5.36   5.25   5.13   5.01   5.00   4.92   5.08   4.97   4.84   4.77   4.85   4.70   4.59   4.56   4.35   4.54   4.43   4.74   4.65   4.63   4.75   4.76   5.18   5.31   5.31   5.19   5.21   5.49   5.35   5.64   5.48   5.60   5.99   5.86   5.75   5.56   5.33   5.05   5.17   5.09   4.94   5.12   5.45   5.32   5.20   5.12   5.52   5.51   5.49   5.44   5.41   5.32
 1909   5.29   5.19   5.12   5.17   5.12   5.44   5.37   5.50   5.41   5.47   5.39   5.23   5.15   5.14   5.04   4.98   5.01   4.93   4.76   4.77   5.38   5.34   5.28   5.22   5.48   5.62   5.85   6.16   6.04   5.92   6.21   6.49   6.40   6.42   6.53   6.63   6.73   6.89   6.73   6.59   6.68   6.55   6.49   6.42   6.29   6.80   6.87   7.02   7.03   7.06   6.95   6.88
 1910   6.90   6.90   6.80   6.73   6.63   6.53   6.42   6.38   6.26   6.14   5.96   5.73   5.54   5.30   5.05   4.95   4.74   4.87   4.70   4.53   4.30   4.09   4.16   3.86   3.60   3.33   3.21   3.45   3.35   3.16   2.93   2.98   3.72   3.59   3.51   3.82   3.69   3.80   3.78   4.11   3.98   3.85   3.74   3.60   3.48   3.38   3.32   3.21   3.20   3.12   3.04   2.92
 1911   2.92   2.83   2.74   2.65   2.57   2.53   2.56   2.46   2.34   2.16   2.00   1.78   1.71   1.70   1.60   1.42   1.22   1.44   1.21   1.00   0.94   0.83   0.62  -1.42  -1.63  -1.44  -1.54  -1.34  -1.41  -1.42  -1.08  -0.87  -0.86  -0.88  -0.75  -0.78  -0.92  -0.96  -1.05   1.24   1.15   1.45   1.48   1.43   1.36   1.43   1.36   1.33   1.27   1.23   1.38   1.46
 1912   1.45   1.42   1.41   1.40   1.58   1.53   1.48   1.47   1.46   1.43   1.45   1.62   1.55   1.46   1.43   1.66   1.68   1.67   1.70   1.60   1.58   1.53   1.56   1.42   1.25   1.05   0.87   0.79   1.28   1.23   1.12   1.06   1.80   1.70   1.62   1.81   1.93   1.94   2.16   2.11   2.42   2.33   2.27   2.18   2.09   2.00   1.92   1.84   1.92   1.86   1.80   1.72
 1913   1.69   1.63   1.56   1.50   1.45   1.39   1.31   1.70   1.64   1.54   1.77   1.69   1.61   1.72   2.18   2.05   2.64   3.13   3.85   4.03   4.26   4.11   3.96   3.68   3.81   3.80   3.62   3.77   3.81   3.74   3.51   3.61   3.39   3.17   2.97   2.71   2.66   2.60   2.50   2.34   2.17   2.02   2.00   1.86   1.74   1.63   1.55   1.48   1.40   1.31   1.26   1.14
 1914   1.07   0.99   0.98   0.94   0.87   0.88   0.80   0.76   0.63  -1.36  -1.43  -1.55  -1.59  -1.61  -1.70  -1.79  -1.63  -1.61  -1.72  -1.59  -1.68  -1.73  -1.61  -1.47  -1.45  -1.53  -1.57  -1.70  -1.83  -2.01  -1.56  -1.59  -1.69  -1.75  -1.66  -1.62  -0.91  -0.93  -0.95  -0.97  -1.01  -1.10  -1.14  -1.23  -1.31  -1.32  -1.36  -1.41  -1.31  -1.28  -1.22  -1.27
 1915  -1.29  -1.31  -1.31  -1.28  -0.82  -0.79   1.14   1.29   1.48   1.56   1.51   1.42   1.36   1.38   1.38   1.22   1.50   1.50   1.35   1.43   2.25   2.49   2.65   2.67   2.97   3.42   3.89   4.44   4.84   4.89   5.00   4.92   4.85   4.79   4.75   4.66   5.17   5.01   5.33   5.73   5.63   5.72   5.61   5.51   5.71   5.62   5.52   5.44   5.35   5.52   5.45   5.39
 1916   5.33   5.41   5.35   5.51   5.48   5.43   5.34   5.26   5.33   5.24   5.12   5.07   4.94   4.88   4.71   5.25   5.15   5.01   4.84   5.10   5.43   5.41   5.24   5.15   5.68   5.64   5.64   5.99   5.90   5.76   5.73   5.93   5.90   5.73   5.56   5.53   5.69   5.52   5.78   5.66   5.51   5.45   5.49   5.35   5.38   5.30   5.17   5.05   4.93   4.94   5.00   4.88
 1917   4.78   4.68   4.97   4.98   5.04   4.96   4.90   4.95   4.85   4.96   5.25   5.10   4.97   4.93   4.76   5.28   5.35   5.47   5.29   5.13   5.59   5.46   5.80   5.57   5.51   5.50   5.53   5.46   5.47   5.25   5.23   5.49   5.33   5.19   5.04   4.87   4.87   4.70   4.63   4.46   4.30   4.13   4.13   3.99   3.83   3.82   3.71   3.67   3.71   3.76   3.66   3.58
 1918   3.58   3.50   3.42   3.62   3.55   3.45   3.54   3.51   3.37   3.27   3.25   3.03   2.89   2.70   2.56   2.62   2.59   2.39   2.32   2.37   3.01   3.37   3.75   3.46   3.23   3.13   3.08   3.10   2.99   2.83   2.59   3.20   3.40   3.29   3.13   3.23   3.13   2.96   2.85   2.70   2.72   2.56   3.01   2.92   3.12   3.39   3.33   3.24   3.32   3.25   3.41   3.35
 1919   3.40   3.32   3.24   3.16   3.34   3.29   3.75   3.70   3.77   3.79   3.80   3.69   3.65   3.77   4.06   3.95   3.85   3.88   3.87   3.98   3.81   4.09   4.20   3.97   4.22   4.12   4.04   4.16   4.14   3.93   3.88   3.84   3.79   3.66   3.49   3.59   3.42   3.19   3.25   3.29   3.30   3.42   3.37   3.24   3.77   3.72   3.64   3.77   3.72   3.65   3.57   3.49
 1920   3.44   3.36   3.28   3.22   3.24   3.17   3.12   3.11   3.08   3.04   3.02   2.95   3.07   2.97   3.55   3.95   4.52   4.45   4.65   4.59   4.68   5.16   5.01   5.10   5.30   5.37   5.29   5.35   5.21   5.23   5.10   4.92   4.85   4.71   4.78   4.72   4.50   4.33   4.33   4.17   4.01   4.05   3.95   4.32   4.34   4.24   4.13   4.18   4.08   3.98   4.32   4.21
 1921   4.13   4.04   3.95   3.95   3.89   3.93   3.86   3.77   3.64   3.50   3.35   3.16   3.11   3.02   2.86   2.67   2.59   2.81   2.85   2.82   2.98   2.89   2.97   2.70   2.44   2.18   2.44   2.36   2.91   2.83   2.82   2.73   2.63   2.60   2.70   2.92   2.90   2.71   2.67   2.54   2.39   2.20   2.56   2.53   2.47   2.40   2.37   2.29   2.20   2.19   2.19   2.10
 1922   2.10   2.06   2.05   1.97   2.31   2.24   2.15   2.28   2.19   2.15   1.98   1.86   1.77   1.60   2.16   2.04   1.90   1.93   1.83   1.69   1.61   1.63   1.94   1.72   1.49   1.45   1.44   1.32   1.28   1.79   1.70   1.53   1.34   1.43   1.27   1.09   0.92   0.84   0.63   0.69   0.56  -0.82  -0.90  -0.75  -0.81   0.56  -0.05  -0.10  -0.15  -0.14  -0.18  -0.24
 1923  -0.15  -0.19  -0.23  -0.20  -0.23  -0.26  -0.31  -0.36  -0.31  -0.40  -0.33  -0.40  -0.47  -0.58  -0.60   0.23   0.44   0.63   0.75   0.80   0.89   0.76   0.98   0.83   1.05   1.07   1.26   1.32   1.19   1.05   1.87   2.72   2.93   2.98   3.47   3.38   3.31   4.04   4.54   4.47   4.46   4.37   4.31   4.31   4.24   4.31   4.22   4.15   4.08   4.01   3.93   4.10
 1924   4.06   4.06   4.00   3.94   4.00   3.94   4.07   4.16   4.19   4.11   4.09   4.01   4.28   4.12   3.94   3.84   4.02   3.91   4.00   3.91   3.90   3.75   3.77   3.95   3.93   4.38   4.27   4.26   4.60   4.51   4.73   4.92   4.88   4.71   4.67   4.55   4.74   4.74   4.66   4.56   4.56   4.38   4.25   4.09   4.00   3.89   3.78   3.68   4.31   4.22   4.20   4.14
 1925   4.13   4.08   4.03   4.18   4.10   4.04   3.97   4.03   3.94   3.83   3.85   3.67   3.52   3.40   3.23   3.34   3.46   3.40   3.24   3.21   3.00   3.04   3.00   3.08   3.10   2.95   2.90   2.80   2.64   2.46   2.33   2.23   2.07   1.85   1.66   1.80   1.77   1.57   1.52   1.57   1.46   1.34   1.35   1.34   1.22   1.13   1.04   0.95   0.92   0.90   0.97   0.86
 1926   0.79   0.73   0.65   0.68   0.82   0.74   0.66   0.59  -0.98  -1.03  -1.11  -1.24  -1.31  -1.43  -1.53  -1.67  -1.80  -1.93  -1.84  -1.88  -2.11  -2.33  -2.54  -2.55  -2.69  -2.89  -3.06  -3.17  -3.37  -3.24  -3.32  -3.20  -2.95  -2.68  -2.62  -2.27  -2.30  -2.04  -2.07  -1.93  -1.96  -2.03  -2.06  -2.11  -2.15  -1.77  -1.76  -1.76  -1.68  -1.64  -1.66  -1.70
 1927  -1.71  -1.72  -1.73  -1.75  -1.58  -1.55  -1.35  -1.31  -1.34  -1.04  -1.03  -0.90  -0.64  -0.54   2.69   2.71   2.57   2.45   2.65   2.68   3.14   3.50   3.36   3.22   3.09   3.04   2.89   3.18   3.13   2.99   2.91   3.04   3.54   3.49   3.43   3.46   3.22   3.11   3.35   3.28   3.17   3.02   2.84   2.95   2.85   2.82   2.71   2.62   2.67   2.63   2.55   2.46
 1928   2.39   2.31   2.22   2.14   2.07   2.60   2.63   2.59   2.50   2.73   2.64   2.46   2.62   2.47   2.38   2.28   2.16   2.45   2.25   2.60   2.53   2.51   2.36   2.44   2.35   2.31   2.44   2.33   2.70   2.58   2.40   2.23   2.06   2.03   2.11   1.94   2.07   1.99   1.85   1.69   1.74   2.15   2.10   2.52   2.46   2.53   2.44   2.41   2.34   2.28   2.23   2.15
 1929   2.13   2.10   2.11   2.14   2.14   2.22   2.21   2.25   2.28   2.20   2.10   1.96   2.04   1.86   2.10   2.01   2.54   2.53   2.50   2.40   2.23   3.38   3.36   3.19   3.04   3.44   3.55   3.73   3.63   3.70   3.97   3.86   3.72   3.60   3.49   4.03   3.91   3.75   3.70   3.77   3.82   3.68   3.74   3.91   3.90   3.86   3.78   3.85   3.87   3.79   3.75   3.67
 1930   3.60   3.82   3.75   3.68   3.61   3.53   3.51   3.43   3.37   3.28   3.19   3.06   3.01   2.78   2.66   2.93   2.90   2.87   3.76   3.68   3.50   3.71   3.78   3.66   3.48   3.44   3.26   3.10   2.89   2.65   2.56   2.34   2.53   2.48   2.90   2.93   2.81   2.58   2.67   3.10   2.97   3.20   3.12   3.00   2.89   2.96   3.41   3.32   3.24   3.24   3.23   3.14
 1931   3.07   3.01   3.04   2.95   2.86   2.78   2.89   2.82   2.78   2.68   2.56   2.45   2.57   2.56   2.49   2.63   2.52   2.42   2.68   2.57   2.39   2.22   2.25   2.03   1.84   1.57   1.70   1.59   1.37   1.12   0.87   0.68  -1.25  -1.31  -1.41  -1.58  -1.73  -1.71  -1.71  -1.75  -1.76  -1.88  -1.92  -1.93  -1.92  -1.89  -1.40  -1.38  -1.40  -1.42  -1.45  -1.31
 1932  -1.15  -1.09  -0.92  -0.93  -0.89  -0.90  -0.69  -0.71  -0.71  -0.75  -0.81  -0.79  -0.84  -0.96  -1.05  -1.11  -1.05   1.16   1.00   0.88   1.24   1.37   1.34   1.58   1.42   1.40   1.45   1.35   1.28   1.14   1.23   1.51   1.39   1.21   1.27   1.11   1.31   1.26   1.13   1.07   0.96   0.89   1.00   0.93   0.87   0.82   0.74   0.66   0.60   0.73   0.66   0.57
 1933   0.51  -0.47  -0.51  -0.55   0.20   0.23  -0.03  -0.08  -0.16  -0.17  -0.18  -0.07  -0.04  -0.15  -0.21  -0.32  -0.44  -0.28  -0.07  -0.17  -0.30  -0.36  -0.45  -0.68  -0.86  -0.90  -0.87   1.12   1.26   1.27   1.44   1.38   1.23   1.30   1.30   1.10   1.10   0.95   0.90   0.77   0.65   0.51  -0.57  -0.67  -0.72  -0.77  -0.81  -0.64  -0.69  -0.70  -0.73  -0.77
 1934  -0.68  -0.72  -0.76  -0.80  -0.82  -0.86  -0.92  -0.87  -0.87  -0.83  -0.93  -0.97  -0.78  -0.79  -0.88  -0.98  -1.10  -1.16  -1.33  -1.54  -1.75  -2.04  -1.54  -1.52  -1.61  -1.73  -1.64  -1.52  -1.64  -1.77  -1.93  -1.93  -2.06  -2.16  -2.23  -2.12  -2.01  -2.04  -1.74  -1.76  -1.84  -1.88  -1.94  -2.01  -2.08  -1.93  -1.93  -1.81  -1.66  -1.68  -1.70  -1.75
 1935  -1.76  -1.60  -1.56  -1.56  -1.57  -1.60  -1.51  -1.39  -1.39  -1.44  -1.51  -1.64  -1.60  -1.60  -1.31  -1.38  -0.97  -0.91  -0.96  -0.75  -0.74  -0.60  -0.66  -0.81  -0.56  -0.55  -0.57  -0.62  -0.54  -0.58   1.18   1.02   0.90   1.29   1.44   1.47   1.33   1.11   0.98   0.89   0.79   0.70   0.62   0.54  -0.63  -0.66  -0.71  -0.52  -0.52   0.32   0.26   0.31
 1936   0.48   0.46   0.92   1.17   1.29   1.49   1.83   1.82   1.79   1.77   1.69   1.61   1.96   1.97   1.81   1.70   1.59   1.50   1.53   1.45   1.62   1.80   1.69   1.43   1.21   0.96   0.72  -0.88  -1.07  -1.25  -1.44  -1.63  -1.84  -1.93  -1.76  -1.87  -1.17  -1.27  -1.37  -1.45  -1.53  -1.61  -1.63  -1.61  -1.63  -1.67  -1.68  -1.73  -1.70  -1.72  -1.72  -1.47
 1937  -1.20  -1.16  -1.05  -1.06  -0.99  -0.95  -0.94  -0.97  -1.02  -1.09  -1.13  -0.89  -0.92  -0.96  -1.04  -1.08  -0.83  -0.65  -0.74  -0.77  -0.83  -0.78  -0.81  -0.95  -0.87  -0.89  -1.01  -1.11  -1.21  -1.22  -1.16  -1.28  -1.00  -0.72  -0.70  -0.83  -0.89  -1.04  -0.94  -0.60  -0.64   1.01   0.96   0.87   0.81   0.85   0.77   0.72   0.67   0.68   0.67   0.60
 1938   0.57   0.66   0.77   0.73   0.74   0.92   1.26   1.22   1.17   1.10   1.29   1.14   1.06   1.18   1.10   1.05   1.00   1.05   1.05   1.36   1.34   1.28   1.15   0.99   0.81   0.79   1.23   1.15   1.14   1.18   1.34   1.35   1.24   1.04   0.91   1.47   2.53   2.42   2.29   2.18   2.08   1.95   1.86   2.25   2.30   2.24   2.16   2.10   2.06   2.01   1.98   1.92
 1939   2.02   2.04   2.13   2.15   2.14   2.33   2.62   2.60   2.59   2.67   2.61   2.47   2.78   2.76   2.68   2.83   2.73   2.61   2.62   2.45   2.45   2.38   2.29   2.16   1.94   2.47   2.56   2.46   2.41   2.27   2.09   2.66   2.55   2.41   2.26   2.08   1.83   1.59   1.48   1.32   1.27   1.09   0.99   0.89   0.75   0.61   0.52  -1.24  -1.32  -1.37  -1.40  -1.36
 1940  -1.24  -1.27  -1.28  -1.31  -1.19  -1.17  -1.19  -1.20  -1.26  -1.10  -0.97  -1.01  -0.95  -0.96  -1.03  -0.96  -0.56  -0.62  -0.70  -0.78  -0.90  -0.77  -0.58  -0.74  -0.79  -0.90  -1.00  -0.99  -0.94  -0.91  -0.87  -0.95  -1.07  -1.04  -1.04  -1.16  -1.26  -1.40  -1.52  -1.29  -1.35  -1.44  -1.27  -1.34  -1.10  -1.13  -1.01  -1.01  -1.05  -0.69  -0.71  -0.74
 1941  -0.67  -0.70   0.92   1.20   1.15   1.10   1.15   1.80   1.83   1.79   1.73   1.74   1.66   1.94   2.22   2.65   2.54   2.47   2.30   2.20   2.10   2.05   1.94   1.93   2.02   2.16   2.05   2.26   2.11   1.89   1.66   1.44   1.48   1.31   1.13   1.25   1.44   1.29   1.45   1.69   1.59   1.51   1.62   1.51   1.45   1.35   1.32   1.23   1.16   1.16   1.06   1.12
 1942   1.27   1.20   1.11   1.01   1.03   1.09   1.08   1.32   1.25   1.11   1.10   1.24   1.33   1.20   1.06   0.90   0.86   1.25   1.57   1.49   1.38   1.34   1.21   1.14   1.26   1.69   1.77   1.70   1.92   1.80   1.78   1.75   1.64   1.47   1.70   1.94   2.05   2.08   2.04   2.03   1.90   1.76   1.77   1.70   1.65   1.56   1.50   1.54   1.47   1.41   1.37   1.31
 1943   1.35   1.30   1.32   1.25   1.45   1.44   1.42   1.34   1.25   1.44   1.41   1.40   1.25   1.06   1.29   1.16   1.04   0.90   0.94   0.86   0.71   0.69   0.62   0.91   0.69   0.65  -0.46  -0.49  -0.40  -0.38  -0.53  -0.67  -0.79  -0.80  -0.86  -0.95  -1.04  -1.13  -1.28  -1.35  -1.28  -1.33  -1.25  -1.22  -1.12  -1.16  -1.19  -1.24  -1.28  -1.30  -1.33  -1.39
 1944  -1.32  -1.35  -1.39  -1.13  -1.10  -0.89  -0.93  -0.82  -0.81  -0.87  -0.90  -0.92  -0.88  -0.98  -1.00  -0.99  -0.56   1.64   1.88   1.80   1.77   1.69   1.81   2.06   1.88   1.82   2.64   2.97   2.96   2.85   3.74   3.65   3.77   4.36   4.50   4.40   4.62   4.56   4.45   4.52   4.43   4.32   4.21   4.11   4.12   4.13   4.17   4.17   4.09   4.06   4.09   4.03
 1945   3.96   3.97   4.09   4.03   4.15   4.09   4.04   4.22   4.31   4.29   4.28   4.11   3.97   4.00   3.85   4.05   3.98   3.88   3.90   3.93   4.15   4.21   4.31   4.28   4.08   4.15   4.08   4.11   4.01   3.86   3.99   3.86   4.16   4.15   3.98   3.77   3.60   3.49   3.54   3.43   3.27   3.07   2.95   2.78   2.68   2.67   2.56   2.77   2.67   2.64   2.57   2.67
 1946   2.59   2.51   2.42   2.35   2.33   2.39   2.31   2.23   2.09   2.15   2.28   2.17   2.01   1.81   1.79   1.58   1.36   1.47   1.43   1.35   1.30   1.29   1.08   0.84   0.82   0.65  -1.19  -1.25  -1.39  -1.48  -1.50  -1.57  -1.63  -1.70  -1.75  -1.33  -1.35  -1.29  -1.28  -0.79  -0.76  -0.78  -0.78  -0.81   1.59   1.54   1.48   1.42   1.36   1.34   1.30   1.32
 1947   1.27   1.24   1.24   1.26   1.51   1.47   1.42   1.42   1.36   1.32   1.29   1.17   1.14   1.43   1.46   1.37   1.32   1.33   1.33   1.35   1.25   1.56   1.75   1.89   1.87   1.88   2.10   2.04   2.01   1.86   1.69   1.49   1.47   1.30   1.31   1.10   1.31   1.14   0.99   0.85   0.85   0.68   0.74   1.16   1.13   1.32   1.43   1.37   1.61   1.56   1.50   1.43
 1948   1.38   1.32   1.26   1.24   1.19   1.38   1.36   1.39   1.60   1.61   1.53   1.38   1.32   1.35   1.20   1.08   1.05   1.13   1.04   0.85   0.61  -0.68  -0.73  -0.60   0.60   0.54  -0.15   0.09   0.02   0.36   0.35   0.84   0.85   0.68   0.52  -0.29  -0.43  -0.55  -0.57   0.20  -0.06  -0.14  -0.21   0.06   0.01   0.09   0.62   0.56   0.53  -0.08  -0.08   0.22
 1949   0.85   0.85   0.85   1.00   0.97   0.94   0.91   0.88   0.83   0.79   0.75   0.89   1.66   1.57   1.74   1.68   1.56   1.47   1.38   1.33   1.77   1.72   1.61   1.52   1.36   1.62   1.48   1.55   1.67   1.71   1.57   1.42   1.48   1.32   1.20   1.60   2.57   2.45   2.36   2.34   2.32   2.33   2.26   2.16   2.06   1.99   1.93   1.84   1.78   1.83   1.77   1.71
 1950   1.71   1.66   1.62   1.64   1.60   1.54   1.87   1.86   1.79   1.94   1.89   1.84   1.83   1.74   1.71   1.62   1.67   1.81   1.90   2.22   2.19   2.33   2.18   2.36   3.03   2.93   2.88   2.99   3.44   3.38   3.37   3.52   3.50   3.38   3.27   3.13   3.05   3.15   3.02   3.26   3.17   3.03   2.92   2.91   2.80   2.71   2.66   2.57   2.50   2.42   2.34   2.24
 1951   2.17   2.09   2.01   1.94   1.87   1.89   1.80   1.75   2.32   2.30   2.45   2.39   2.46   2.53   2.55   2.74   3.18   3.38   3.47   3.57   3.52   3.71   3.59   3.39   4.34   4.31   4.55   4.84   4.76   4.61   4.45   4.57   5.56   5.76   5.90   6.29   6.55   6.44   6.49   6.59   6.69   6.71   6.78   6.70   6.60   6.56   6.49   6.47   6.42   6.46   6.40   6.32
 1952   6.28   6.22   6.27   6.31   6.20   6.11   6.14   6.23   6.24   6.16   6.29   6.29   6.18   6.03   6.04   6.04   5.89   5.71   5.72   5.66   6.08   5.92   5.79   5.47   5.20   5.08   5.18   5.15   4.93   4.68   4.80   4.90   4.75   4.69   4.77   4.54   4.41   4.24   3.99   3.85   3.67   3.49   3.34   3.15   2.99   2.85   2.74   2.87   2.76   2.66   2.79   2.73
 1953   2.70   2.60   2.62   2.53   2.44   2.50   2.48   2.84   2.78   2.67   2.60   2.46   2.39   2.47   2.78   2.71   2.88   3.15   3.66   3.68   3.72   3.64   3.97   3.69   3.48   3.28   3.21   3.11   2.92   3.27   3.45   3.84   3.90   3.74   3.58   3.74   3.61   3.41   3.21   3.05   2.88   2.69   2.69   2.52   2.40   2.23   2.53   2.43   2.91   2.84   2.75   2.65
 1954   2.57   2.49   2.41   2.33   2.26   2.17   2.06   2.61   2.54   2.44   2.52   2.43   2.44   2.38   2.22   2.23   2.21   2.56   2.42   2.37   2.41   3.02   2.88   2.63   2.97   3.06   2.96   2.83   2.67   2.57   2.57   2.68   2.74   3.03   2.91   3.08   3.03   2.87   2.67   2.75   2.77   2.65   2.86   2.75   2.63   2.53   2.42   2.48   2.42   2.34   2.25   2.14
 1955   2.06   1.99   1.92   1.90   1.96   1.90   1.80   1.96   1.85   1.72   1.57   1.51   1.39   1.31   1.12   0.93   1.02   0.79   0.54  -1.16  -1.20  -1.37  -1.28  -1.36  -1.13  -1.13  -1.25  -1.26  -1.36  -1.53  -1.75  -1.89  -2.06  -2.25  -2.32  -2.45  -2.58  -2.69  -2.67  -2.69  -2.79  -2.89  -2.92  -2.99  -3.05  -3.07  -3.10  -3.13  -2.83  -2.84  -2.86  -2.92
 1956  -2.91  -2.92  -2.90  -2.88  -2.84  -2.87  -2.89  -2.92  -2.97  -3.04  -3.15  -3.27  -3.33  -3.34  -3.38  -3.48  -3.40  -3.39  -3.28  -3.39  -3.63  -3.68  -3.77  -4.04  -4.21  -4.30  -4.31  -3.85  -3.81  -3.92  -3.86  -3.84  -3.83  -3.95  -4.06  -4.14  -4.19  -4.29  -4.35  -4.43  -4.52  -4.61  -4.62  -4.56  -4.54  -4.50  -4.47  -4.49  -4.50  -4.40  -4.39  -4.43
 1957  -4.43  -4.35  -4.36  -4.36  -4.35  -4.37  -4.39  -4.33  -4.39  -4.49  -4.04  -4.13  -4.19  -4.02  -4.05  -4.10  -4.18  -4.20  -3.91  -3.59  -3.66  -3.72  -3.71  -3.63  -3.68  -3.57  -3.35  -3.14  -3.23  -3.28  -3.20  -3.17  -3.26  -3.33  -3.24  -3.23  -3.13  -2.95  -3.00  -2.82  -2.79  -2.72  -2.67  -2.54  -2.56  -2.30  -2.32  -2.33  -2.34  -2.34  -2.35  -2.37
 1958  -2.37  -2.38  -2.36  -2.37  -2.34  -2.35  -2.33  -2.35  -1.90  -1.83  -1.87  -1.93  -1.97  -1.60  -1.67  -1.69  -1.41  -1.41  -1.48  -1.56  -1.68  -1.67  -1.76  -1.72  -1.79  -1.92  -1.63  -1.51  -1.46  -1.26  -1.34  -1.40  -1.48  -1.57  -1.66  -1.75  -1.78  -1.92  -2.02  -2.11  -2.21  -2.33  -2.36  -2.45  -2.50  -2.42  -2.46  -2.49  -2.48  -2.50  -2.52  -2.58
 1959  -2.57  -2.59  -2.56  -2.58  -2.59  -2.50  -2.53  -2.47  -2.52  -2.53  -2.51  -2.64  -2.36  -2.49  -2.54  -2.38  -2.47  -2.20  -2.14  -2.16  -2.09  -1.72  -1.82  -2.02  -2.11  -1.85  -1.89  -1.96  -1.90  -2.02  -1.67  -1.68  -1.70  -1.67  -1.73  -1.83  -1.91  -1.85  -1.87  -1.77  -1.68  -1.74  -1.60  -1.31  -0.93  -0.64  -0.65  -0.66  -0.68  -0.69  -0.70   1.43
 1960   1.55   1.65   1.61   1.58   1.54   1.61   1.56   1.56   1.57   1.74   1.94   1.85   1.89   2.24   2.16   2.04   2.18   2.95   2.79   3.22   3.43   3.27   3.22   3.28   3.29   3.29   3.20   3.40   3.31   3.16   2.98   2.87   2.99   3.29   4.28   4.37   4.26   4.23   4.08   3.96   3.88   3.75   3.63   3.79   3.68   3.59   3.48   3.75   3.78   3.71   3.63   3.59
 1961   3.66   3.58   3.51   3.44   3.48   3.41   3.46   3.40   3.46   3.67   3.59   3.45   3.35   3.34   3.39   3.26   3.17   3.26   3.18   3.38   3.24   3.23   3.13   3.18   2.98   2.78   2.65   2.86   2.88   2.99   2.77   2.65   2.61   2.54   2.32   2.23   2.31   2.31   2.24   2.11   2.11   2.01   1.89   1.89   1.78   1.79   1.70   1.60   1.55   1.60   1.67   1.56
 1962   1.49   1.41   1.35   1.27   1.19   1.10   1.32   1.53   1.58   1.67   1.68   1.79   1.75   1.76   1.71   1.56   1.67   1.53   1.47   1.81   2.14   2.33   3.04   3.40   3.29   3.21   3.22   3.41   3.30   3.54   3.68   3.78   3.63   3.45   3.73   4.13   4.23   4.10   4.10   4.14   3.99   3.84   3.75   3.64   3.51   3.41   3.29   3.16   3.07   3.00   3.00   2.96
 1963   2.88   3.03   2.95   2.87   2.80   2.76   2.67   2.62   2.70   2.60   2.59   2.43   2.25   2.05   1.95   1.76   1.98   1.96   1.86   1.72   1.50   2.28   2.30   2.47   2.56   2.61   3.23   3.19   3.12   3.60   3.92   3.89   3.85   3.69   3.78   3.79   3.62   3.60   3.48   3.32   3.15   3.06   2.91   2.77   2.62   2.51   2.43   2.33   2.27   2.20   2.12   2.01
 1964   1.93   2.03   1.94   1.86   1.80   1.71   1.69   1.60   1.62   1.49   1.41   1.50   1.40   1.52   1.42   1.28   1.58   1.60   1.81   1.69   1.54   1.36   1.15   1.40   1.46   1.44   1.73   1.81   1.63   1.53   1.91   2.06   2.08   2.53   2.70   3.11   3.01   3.05   2.94   2.89   2.78   2.65   2.55   2.42   2.29   2.37   2.28   2.23   2.20   2.13   2.13   2.13
 1965   2.07   2.00   1.93   1.88   1.82   2.19   2.12   2.08   2.00   1.91   1.92   1.82   1.73   1.89   1.82   1.68   1.75   1.69   1.67   1.72   2.17   2.08   2.35   2.21   2.01   2.11   2.21   2.28   2.18   2.07   1.96   1.94   1.80   2.03   1.97   2.16   2.15   2.67   3.22   3.15   3.06   3.06   2.98   2.87   2.78   2.77   2.69   2.62   2.54   2.59   2.59   2.51
 1966   2.46   2.39   2.44   2.38   2.32   2.63   2.56   2.51   2.48   2.44   2.30   2.36   2.25   2.13   2.00   2.13   2.10   1.98   1.89   1.74   1.63   1.76   1.93   1.72   1.96   1.81   2.00   1.88   1.91   1.76   1.66   1.87   2.37   2.43   2.43   2.54   2.40   2.28   2.23   2.11   2.41   2.31   2.24   2.14   2.08   2.00   1.91   1.83   1.82   1.76   1.68   1.73
 1967   1.87   1.81   1.74   1.68   1.62   1.55   1.47   1.39   1.28   1.15   1.02   0.85   0.78   0.68   0.59  -0.86  -0.93  -1.01  -1.04  -1.16  -1.23  -1.07  -0.84   1.04   1.75   1.75   1.66   1.67   1.78   1.63   1.51   1.63   1.62   1.75   1.63   1.48   1.42   1.23   1.08   1.05   0.92   0.78   0.83   0.81   0.71   0.64   0.55  -0.70  -0.71  -0.74  -0.71  -0.77
 1968  -0.71  -0.68  -0.72  -0.74  -0.76  -0.80  -0.85  -0.89  -0.96  -1.07  -1.16  -1.28  -1.32  -1.16  -1.23  -1.14  -1.18  -1.25  -1.37  -1.50  -1.63  -1.76  -1.94  -2.17  -2.19  -2.25  -2.34  -2.46  -2.58  -2.67  -2.83  -2.73  -2.76  -2.93  -2.56  -2.49  -2.39  -2.25  -2.31  -2.33  -2.31  -1.25  -1.25  -1.28  -1.21  -1.17  -1.19  -1.18  -1.19  -1.13  -0.62  -0.62
 1969  -0.51  -0.52   2.30   2.44   2.39   2.35   2.48   2.50   2.61   2.56   2.50   2.64   2.57   2.46   2.28   2.26   2.19   2.12   1.94   2.06   2.06   1.89   1.74   1.75   1.74   2.32   2.55   2.76   2.79   2.87   3.00   2.90   2.75   2.70   2.87   2.85   2.88   2.90   2.82   2.91   3.07   3.12   3.05   3.25   3.16   3.10   3.02   2.94   2.91   2.85   2.78   2.92
 1970   2.86   2.79   2.75   2.69   2.63   2.56   2.50   2.44   2.48   2.53   2.44   2.47   2.42   2.28   2.47   2.70   2.55   2.49   2.70   2.57   2.50   2.77   2.60   2.88   2.82   2.65   2.52   2.38   2.26   2.03   2.02   1.86   1.72   1.58   1.47   1.24   1.29   1.30   1.32   1.21   1.76   1.65   1.75   1.83   2.05   1.98   2.01   1.94   1.87   2.12   2.07   2.00
 1971   2.01   1.97   1.91   1.85   1.80   1.74   1.66   2.38   2.37   2.31   2.20   2.29   2.25   2.15   1.97   2.00   1.98   1.94   1.87   1.78   1.69   1.70   2.35   2.87   2.66   2.49   2.56   2.69   2.61   2.45   2.27   2.08   1.92   1.70   1.50   1.31   1.11   1.08   1.00   0.91   0.75   0.56   0.82   1.22   1.12   1.53   1.45   1.55   1.55   1.50   1.43   1.54
 1972   1.48   1.42   1.36   1.37   1.31   1.47   1.41   1.35   1.30   1.19   1.10   0.97   0.88   0.77   0.67   0.70   0.82   1.73   1.99   1.87   2.13   2.01   2.39   2.40   2.27   2.22   2.27   2.17   2.73   2.72   2.76   2.75   2.57   2.54   2.66   2.55   2.35   2.40   2.28   2.29   2.15   2.09   2.06   2.39   2.36   2.29   2.20   2.12   2.08   2.01   1.94   2.21
 1973   2.15   2.09   2.25   2.32   2.26   2.21   2.32   2.26   2.18   2.43   2.58   2.82   3.17   3.09   3.42   3.37   3.27   3.18   3.02   2.86   3.22   3.40   3.27   3.15   3.22   3.08   3.11   2.97   3.00   3.05   2.84   2.64   2.42   2.18   2.04   2.39   2.38   2.34   2.88   2.80   2.82   2.68   2.60   2.51   2.39   2.41   2.64   2.55   2.47   2.48   2.40   2.48
 1974   2.44   2.37   2.29   2.23   2.16   2.09   2.00   1.94   1.80   1.77   1.64   1.60   1.47   1.57   1.51   1.35   1.15   0.97   1.04   0.90   0.71   0.56   0.78   0.56   0.53  -1.03  -1.11  -1.25  -1.36  -1.50  -1.35  -1.27  -1.30  -1.42  -1.36  -1.33  -1.28  -1.40  -1.52  -1.58  -1.68  -1.80  -1.79  -1.78  -1.83  -1.85  -1.88  -1.90  -1.94  -1.87  -1.89  -1.95
 1975  -1.95  -1.85  -1.75  -1.77  -1.78  -1.78  -1.82  -1.86  -1.93  -2.01  -2.03  -2.04  -2.01  -1.95  -1.93  -1.92  -1.98  -1.88  -1.93  -2.07  -2.21  -2.30  -2.28  -2.31  -2.01  -2.13  -2.27  -2.34  -2.47  -2.62  -2.68  -2.73  -2.39  -2.32  -2.41  -2.47  -2.57  -2.61  -2.60  -2.69  -2.78  -2.88  -2.82  -2.92  -2.70  -2.72  -2.41  -2.34  -2.36  -2.37  -2.38  -2.40
 1976  -2.32  -2.33  -2.34  -2.36  -2.34  -2.36  -2.35  -2.37  -2.42  -2.39  -2.40  -2.52  -2.39  -2.53  -2.61  -2.66  -2.45  -2.51  -2.57  -2.71  -2.70  -2.85  -3.03  -3.26  -3.14  -3.26  -3.38  -3.32  -3.46  -3.38  -3.48  -3.61  -3.48  -3.62  -3.68  -3.73  -3.73  -3.84  -3.86  -3.92  -4.00  -4.00  -3.96  -4.00  -4.04  -4.05  -4.07  -4.09  -4.05  -4.05  -4.06  -4.10
 1977  -4.09  -4.09  -4.09  -4.10  -4.09  -4.11  -4.09  -4.02  -3.89  -3.93  -3.91  -3.91  -3.79  -3.73  -3.62  -3.35  -3.44  -3.43  -3.58  -3.66  -3.47  -3.56  -3.70  -3.69  -3.73  -3.83  -3.96  -3.97  -3.90  -3.90  -3.85  -3.72  -3.80  -3.80  -3.66  -3.56  -3.65  -3.74  -3.57  -3.26  -3.22  -3.24  -3.12  -3.16  -2.95  -2.95  -2.96  -2.97  -2.96  -2.96  -2.84  -2.75
 1978  -2.74  -2.74  -2.73  -2.72  -2.60  -2.56  -2.43  -2.40  -2.41  -2.45  -2.47  -2.55  -2.63  -2.61  -2.55  -2.44  -2.49  -2.32  -2.23  -2.28  -2.39  -2.18  -2.27  -2.39  -2.46  -2.59  -2.18  -2.18  -1.44  -1.48  -1.47  -1.55  -1.30  -1.38  -1.45  -1.58  -1.62  -1.70  -1.81  -1.84  -1.85  -1.94  -1.94  -2.04  -2.11  -2.05  -2.07  -2.03  -1.84  -1.85  -1.86  -1.91
 1979  -1.92  -1.87  -1.81  -1.60  -1.61  -1.63  -1.66  -1.62  -1.40  -1.45  -1.36  -0.92  -0.93  -0.93  -0.82  -0.84  -0.75  -0.79   1.74   1.80   1.68   1.82   1.90   1.86   1.90   1.99   1.89   1.79   1.89   1.92   2.52   2.50   2.83   2.99   3.03   3.13   3.36   3.22   3.24   3.13   3.02   2.93   2.90   3.53   3.66   3.59   4.16   4.11   4.04   3.98   3.98   3.92
 1980   3.87   3.87   3.81   3.76   3.76   3.73   3.70   3.65   3.59   3.57   3.48   3.35   3.39   3.65   3.57   3.39   3.24   3.06   3.02   3.02   2.81   2.79   2.61   2.45   2.29   2.08   1.87   1.63   1.45   1.27   1.34   2.20   2.24   2.20   2.20   2.00   1.80   1.91   1.76   1.61   1.44   1.45   1.67   1.56   1.44   1.38   1.29   1.25   1.19   1.12   1.07   0.96
 1981   0.89   0.82   0.73   0.65   0.65   0.65   0.55  -0.99  -1.02  -1.13  -1.26  -1.40  -1.10  -1.23  -1.34  -1.51  -1.72  -1.71  -1.71  -1.77  -1.99  -2.03  -2.21  -2.23  -2.33  -2.46  -2.52  -2.70  -2.60  -2.16  -2.04  -2.10  -2.12  -2.22  -2.19  -2.26  -2.38  -2.51  -2.49  -2.53  -2.59  -2.59  -2.58  -2.55  -2.60  -2.68  -2.66  -2.31  -2.34  -2.24  -2.26  -2.29
 1982  -2.25  -2.24  -2.26  -1.98  -1.96  -1.98  -2.01  -2.04  -2.01  -2.08  -2.06  -2.10  -2.17  -2.11  -2.13  -2.19  -2.25  -2.29  -2.33  -1.92  -1.67  -1.59  -1.67  -1.66  -1.72  -1.59  -1.54  -1.54  -1.52  -1.56  -1.56  -1.64  -1.72  -1.82  -1.84  -1.86  -1.86  -1.96  -1.79  -1.65  -1.35  -1.13  -1.15  -1.18  -0.72  -0.71  -0.73  -0.65  -0.60  -0.61  -0.58   1.97
 1983   1.94   2.21   2.18   2.18   2.26   2.22   2.30   2.26   2.34   2.45   2.78   2.89   3.04   3.06   3.48   3.37   3.30   3.40   3.33   3.49   3.33   3.18   3.04   3.31   3.09   3.81   3.69   3.58   3.47   3.50   3.45   3.28   3.07   2.91   2.69   2.52   2.46   2.30   2.47   2.46   2.41   2.46   2.37   2.28   2.33   2.39   2.53   2.62   2.53   2.46   2.39   2.30
 1984   2.22   2.23   2.15   2.07   2.04   1.95   2.18   2.10   2.00   2.98   2.92   2.81   2.73   3.06   3.34   3.46   3.72   3.93   3.83   3.73   3.78   3.67   3.68   3.64   4.38   4.24   4.12   4.24   4.14   4.10   3.88   3.68   3.48   3.41   3.23   3.14   3.07   2.85   2.73   3.02   3.41   3.66   3.59   3.48   3.48   3.39   3.29   3.19   3.10   3.17   3.09   3.00
 1985   2.93   2.89   2.84   2.76   2.94   2.86   2.78   2.69   2.77   2.64   2.51   2.46   2.86   2.76   2.56   3.15   3.28   3.13   3.19   3.09   2.92   2.79   2.61   2.39   2.15   2.80   2.70   2.61   2.50   2.36   2.30   2.62   2.75   3.00   3.09   2.96   3.46   3.54   3.61   3.56   3.62   3.53   3.48   3.38   3.34   3.36   3.32   3.33   3.30   3.23   3.17   3.08
 1986   3.05   2.98   2.91   2.88   3.01   3.00   2.92   2.85   2.75   2.66   3.11   2.98   2.83   2.93   2.96   3.13   3.13   3.15   3.25   3.59   3.82   3.66   3.80   3.70   3.53   3.84   3.71   3.71   3.78   3.79   3.61   3.51   3.60   3.66   3.53   3.40   3.73   4.32   4.20   4.66   4.67   4.56   4.67   4.59   4.55   4.49   4.39   4.31   4.33   4.25   4.18   4.09
 1987   4.04   3.96   3.92   3.88   3.85   3.77   3.69   3.62   3.54   3.42   3.81   4.43   4.46   4.33   4.37   4.19   3.98   3.84   3.56   3.46   3.45   3.30   3.12   3.09   3.10   3.14   3.03   3.14   3.01   3.36   3.21   3.09   3.07   3.09   2.93   2.81   2.90   3.11   2.96   2.83   2.67   2.51   2.52   2.38   2.29   2.37   2.26   2.35   2.67   2.59   2.50   2.45
 1988   2.38   2.33   2.56   2.50   2.43   2.41   2.34   2.25   2.14   1.99   1.86   1.73   1.58   1.69   1.60   1.71   1.80   1.73   1.50   1.34   1.61   1.55   1.35   1.12   0.79   0.58   0.71   0.76   0.63  -0.96  -0.90  -0.96  -1.01  -0.84  -0.91  -1.02  -0.92  -0.88  -0.85  -0.88  -0.97  -1.06  -1.11  -1.20  -1.28  -1.22  -1.21  -1.20  -1.24  -1.25  -1.29  -1.36
 1989  -1.25  -1.28  -1.32  -1.34  -1.36  -1.37  -1.41  -1.38  -1.33  -1.43  -1.42  -1.55  -1.65  -1.76  -1.83  -1.96  -2.06  -2.12  -2.29  -2.33  -2.57  -2.74  -2.91  -3.12  -3.21  -3.22  -3.39  -3.30  -3.40  -3.47  -3.60  -3.72  -3.75  -3.61  -3.63  -3.30  -3.30  -3.39  -3.49  -3.53  -3.62  -3.69  -3.77  -3.78  -3.83  -3.84  -3.86  -3.80  -3.76  -3.69  -3.70  -3.72
 1990  -3.72  -3.73  -3.62  -3.60  -3.59  -3.61  -3.61  -3.64  -3.71  -3.62  -3.70  -3.77  -3.82  -3.96  -3.99  -4.06  -3.99  -4.06  -3.84  -3.41  -3.32  -3.36  -3.44  -3.50  -3.58  -3.74  -3.86  -3.70  -3.79  -3.81  -3.90  -3.95  -4.05  -3.79  -3.74  -3.86  -3.98  -3.96  -4.05  -3.93  -3.89  -3.79  -3.78  -3.69  -3.66  -3.68  -3.69  -3.68  -3.55  -3.55  -3.56  -3.59
 1991  -3.55  -3.53  -3.54  -3.52  -3.50  -3.52  -3.47  -3.49  -3.55  -3.65  -3.65  -3.71  -3.66  -3.86  -3.56  -3.62  -3.45  -3.18  -3.19  -3.24  -3.38  -2.84  -2.70  -2.69  -2.64  -2.68  -2.71  -2.76  -2.77  -2.83  -2.94  -2.87  -2.91  -3.01  -3.12  -3.22  -3.10  -3.13  -3.21  -3.08  -3.13  -3.20  -3.22  -2.90  -2.92  -2.81  -2.82  -2.54  -2.55  -2.40  -2.40  -2.42
 1992  -2.30  -2.21  -2.21  -2.22  -2.24  -2.24  -2.09  -1.91  -1.96  -1.38  -1.39  -1.45  -1.37  -1.43  -1.49  -1.25  -1.26  -1.33  -1.41  -1.19  -1.24  -1.23  -1.10  -1.10  -1.16  -0.97  -0.91  -0.66   1.80   2.02   2.02   2.69   2.72   3.48   3.83   4.16   4.23   4.10   3.98   4.36   5.33   5.24   5.14   5.41   5.36   5.28   5.29   5.22   5.16   5.49   5.41   5.38
 1993   5.30   5.26   5.30   5.22   5.13   5.06   5.10   5.31   5.23   5.14   5.05   4.97   5.18   5.23   5.29   5.53   5.38   5.39   5.51   5.39   5.29   6.01   5.93   5.78   6.10   6.04   6.45   6.80   6.98   7.20   7.11   7.01   7.58   7.42   7.50   7.57   7.46   7.56   7.41   7.27   7.39   7.25   7.18   7.05   6.92   7.21   7.25   7.14   7.04   7.06   6.96   6.88
 1994   6.80   6.70   6.60   6.82   6.71   6.66   6.56   6.77   6.66   6.55   6.39   6.21   6.09   5.95   6.10   5.92   6.04   5.93   5.75   5.61   5.41   5.28   5.18   5.03   5.38   5.21   5.35   5.51   5.59   5.42   5.27   5.24   5.05   5.18   5.15   5.33   5.34   5.49   5.34   5.44   5.29   5.15   5.00   4.84   4.68   4.54   4.49   4.52   4.61   4.55   4.44   4.39
 1995   4.30   4.19   4.10   4.07   3.98   3.89   3.78   3.66   3.55   3.49   3.42   3.79   4.16   4.06   4.30   4.87   4.88   5.09   5.22   5.08   5.22   5.70   5.65   5.38   5.34   5.16   5.25   5.18   5.09   4.87   4.85   4.62   4.44   5.17   5.03   4.87   4.67   5.16   5.05   5.58   5.52   5.39   5.92   6.10   6.00   5.99   5.88   5.90   5.84   5.76   5.67   5.59
 1996   5.57   5.48   5.43   5.50   5.41   5.32   5.24   5.16   5.07   5.00   4.88   4.91   4.80   4.67   4.68   4.55   4.45   4.47   4.41   4.30   4.25   4.54   4.45   4.37   4.37   4.19   4.04   3.94   4.71   4.92   5.35   5.29   5.17   5.02   4.96   4.95   4.79   4.81   5.08   4.97   4.85   4.99   4.90   4.96   4.86   5.68   5.60   5.71   5.65   5.59   5.51   5.67
 1997   5.71   5.68   5.63   5.56   5.83   5.77   5.68   5.59   5.50   5.44   5.43   5.29   5.13   5.07   5.13   5.08   4.95   5.27   5.11   4.96   5.83   5.73   5.54   5.46   5.39   5.18   5.33   5.97   5.97   5.94   5.74   5.61   5.69   5.55   5.39   5.38   5.27   5.90   5.73   5.57   6.26   6.13   6.36   6.28   6.18   6.08   5.96   5.86   5.80   5.76   5.78   5.69
 1998   5.60   5.54   5.56   5.51   5.42   5.33   5.32   5.23   5.31   5.47   5.42   5.32   5.58   6.00   6.24   6.11   6.21   6.03   5.95   5.90   5.69   5.85   5.95   6.02   6.11   6.10   6.28   6.43   6.30   6.12   6.35   6.33   6.14   6.07   5.88   5.66   5.40   5.15   5.09   5.70   5.56   5.60   5.56   5.97   6.37   6.26   6.14   6.04   5.93   5.82   5.72   5.72
 1999   5.76   5.66   5.57   5.48   5.37   5.27   5.20   5.46   5.35   5.40   5.29   5.13   4.99   5.45   5.82   5.79   5.69   5.75   5.74   5.63   5.82   6.14   6.64   6.69   6.76   7.30   7.62   7.48   9.29   9.14   8.91   8.78   8.57   8.36   8.13   7.96   7.73   7.47   7.22   7.21   6.99   6.77   6.60   6.38   6.13   5.92   5.81   5.65   5.50   5.37   5.22   5.04
 2000   4.91   4.78   4.63   4.49   4.39   4.25   4.21   4.45   4.24   4.10   3.96   3.77   3.56   3.37   3.18   3.25   3.17   2.94   2.68   2.99   2.95   2.84   2.67   2.53   2.66   2.67   2.54   2.40   2.22   2.19   2.15   1.96   1.82   2.17   2.08   1.88   1.67   1.72   1.55   1.52   1.37   1.18   1.27   1.60   2.31   2.34   2.26   2.21   2.14   2.08   2.02   1.93
 2001   1.87   2.11   2.06   2.00   2.27   2.22   2.21   2.14   2.07   1.98   1.92   1.81   1.77   1.72   1.89   1.90   2.05   2.48   2.36   2.21   2.20   2.25   2.17   1.95   1.74   1.92   2.36   2.60   2.69   2.70   2.61   2.45   2.54   2.36   2.33   2.34   2.96   2.82   2.68   2.56   2.90   2.79   2.73   2.62   2.47   2.33   3.26   3.50   3.43   3.36   3.30   3.23
 2002   3.18   3.11   3.05   2.99   3.03   3.05   2.97   2.91   2.87   2.79   2.71   2.59   2.48   2.35   2.30   2.27   2.29   2.22   2.52   2.42   2.30   2.14   2.01   1.78   1.73   1.49   1.28   1.13   0.89   0.72   0.69   1.11   1.14   1.17   1.18   0.96   1.05   0.87   0.73   0.99   0.99   0.93   1.05   1.07   0.99   0.92   0.83   0.80   0.73   0.66   0.64   0.54
 2003   0.54  -0.72  -0.69  -0.70  -0.73  -0.77  -0.72  -0.76  -0.73  -0.82  -0.94  -1.07  -0.90  -0.86  -0.97  -0.95  -0.98  -0.70  -0.64  -0.65 -99.00 -99.00 -99.00 -99.00 -99.00 -99.00 -99.00 -99.00 -99.00 -99.00 -99.00 -99.00 -99.00 -99.00 -99.00 -99.00 -99.00 -99.00 -99.00 -99.00 -99.00 -99.00 -99.00 -99.00 -99.00 -99.00 -99.00 -99.00 -99.00 -99.00 -99.00 -99.00
