 1893   0.14   0.20   0.19   0.21   0.24   0.27   0.47   0.46   0.66   0.86   0.97   0.98   0.79   0.45   0.41   1.00   1.61   1.96   1.88   1.65   1.37   1.34   1.00   0.45  -0.03  -0.36  -0.04  -0.23  -0.31  -0.20  -0.55  -0.82  -0.50   0.08  -0.07  -0.57  -0.87  -0.89  -0.63  -0.32  -0.54  -0.81  -0.73  -0.89  -0.95  -0.98  -1.03   0.35   0.20   0.09  -0.04   0.74
 1894   0.77   0.57   0.63   0.70   0.68   0.54   0.42   0.71   0.51   0.13  -0.22  -0.25  -0.31  -0.39   0.29   0.44   0.65   0.80   0.70   0.38  -0.12  -0.12  -0.25  -0.38  -0.47  -0.62  -0.74  -0.84  -0.96  -1.13  -1.20  -1.33  -1.10  -1.36  -1.49  -1.63  -1.73  -1.86  -1.88  -1.45  -1.58  -1.79  -1.88  -1.83  -1.90  -1.93  -1.97  -2.01  -2.04  -1.49  -1.61  -1.78
 1895  -1.86  -1.95  -1.87  -1.75  -1.68  -1.70  -1.82  -1.88  -1.92  -1.99  -2.06  -2.17  -2.08  -1.65  -1.84  -2.03  -1.97  -2.11  -2.15  -2.25  -2.40  -1.63  -1.87  -1.49  -1.29  -1.29  -1.48  -1.11  -1.32  -1.07  -1.15  -0.36  -0.44  -0.49  -0.32  -0.18  -0.36   1.03   0.90   0.84   0.73   0.57   0.50   0.37   0.25   0.38   0.58   0.56   0.48   0.42   0.35   0.24
 1896   0.19   0.12   0.11   0.07   0.10   0.03  -0.05  -0.14   0.02  -0.09  -0.14  -0.23   0.07   0.02   0.57   0.96   1.39   1.80   1.51   2.02   2.26   2.06   2.84   2.59   2.96   2.98   3.22   3.10   2.94   3.61   3.76   3.62   3.94   3.80   3.62   3.85   3.76   3.62   3.62   3.56   3.86   3.71   3.61   4.05   4.43   4.36   4.25   5.02   4.97   4.87   4.85   4.80
 1897   5.24   5.41   5.47   5.43   5.33   5.31   5.26   5.25   5.20   5.37   5.28   5.47   5.73   6.23   6.26   6.11   5.96   5.69   5.71   5.41   5.06   5.78   5.55   5.06   4.74   5.51   5.25   5.54   5.89   5.86   5.62   5.68   5.67   5.47   5.17   4.88   4.83   4.49   4.03   3.67   3.53   3.94   3.92   3.74   3.71   3.54   3.46   3.88   4.50   4.80   4.84   4.75
 1898   4.63   4.49   4.66   4.79   4.68   4.88   4.76   4.77   4.65   4.68   4.76   4.54   4.56   4.39   4.26   4.43   4.28   4.61   4.30   5.01   5.14   5.12   5.71   5.33   5.26   5.21   5.45   5.26   4.97   5.31   5.53   5.96   5.85   5.60   5.30   5.06   5.34   4.97   4.58   4.35   4.24   4.93   4.81   4.67   4.49   4.63   4.63   4.54   4.58   4.45   4.31   4.15
 1899   4.10   4.13   4.00   4.18   4.21   4.09   3.94   4.06   4.35   4.23   4.52   4.33   4.20   4.12   3.79   3.65   3.37   4.49   4.40   4.49   4.73   4.92   4.97   4.81   4.69   5.54   5.70   5.64   5.45   5.28   5.41   5.20   5.39   5.22   5.26   5.06   4.71   4.38   4.08   4.07   3.84   3.65   3.88   3.65   3.44   3.21   3.14   3.30   3.61   3.50   3.34   3.34
 1900   3.31   3.27   3.18   3.04   2.90   3.31   3.62   3.47   3.36   3.29   3.10   3.16   3.68   3.38   3.66   3.86   4.24   4.11   4.19   4.02   4.16   4.41   4.15   3.81   3.38   3.17   3.38   4.81   5.34   5.28   4.96   4.71   5.09   5.15   5.00   4.73   5.37   5.56   5.39   5.25   5.02   5.02   5.41   5.31   5.15   5.09   5.01   4.87   4.81   4.69   4.89   4.89
 1901   4.82   4.82   4.70   4.59   4.47   4.82   4.71   4.65   4.67   4.65   4.70   4.71   4.81   4.67   4.55   4.75   4.69   5.05   4.93   4.67   4.55   4.25   4.58   4.70   4.85   4.75   4.53   4.25   3.89   3.42   3.38   3.76   3.44   3.02   2.65   4.34   5.39   5.44   5.73   5.75   5.84   5.73   5.92   6.10   6.02   5.93   5.79   5.70   5.86   5.93   6.03   5.94
 1902   5.84   5.72   5.63   6.03   6.08   6.10   6.04   5.93   6.10   6.03   5.93   5.74   5.88   5.78   5.69   5.44   5.68   5.74   5.33   5.70   5.44   5.10   4.89   4.69   4.93   5.00   5.35   5.53   5.60   5.52   5.16   5.35   5.42   5.87   5.88   5.68   5.41   6.56   6.48   6.35   6.20   6.02   5.85   5.95   5.81   5.82   5.66   5.53   5.82   5.81   6.11   6.02
 1903   5.92   5.80   5.71   5.62   5.77   5.74   5.63   5.53   5.65   5.51   5.47   5.25   5.10   4.87   4.55   4.47   5.09   4.91   5.28   5.04   5.70   6.11   6.01   5.63   6.14   5.97   6.19   6.48   6.69   6.48   7.12   7.09   7.06   7.17   7.35   7.27   7.30   7.04   6.80   7.31   7.31   7.21   7.06   7.05   6.90   6.78   6.78   6.67   6.58   6.53   6.41   6.29
 1904   6.30   6.17   6.09   6.09   6.01   5.98   5.97   5.96   5.85   5.78   5.67   5.51   5.38   5.70   5.41   5.63   5.41   5.25   5.07   5.66   5.77   6.05   5.76   5.77   5.92   5.87   6.16   6.02   5.91   5.74   5.97   5.99   6.55   6.47   6.50   6.27   6.07   5.75   5.69   5.47   5.93   6.52   6.39   6.24   6.15   6.01   5.84   5.71   5.58   5.48   5.35   5.26
 1905   5.39   5.68   5.57   5.68   5.70   5.94   5.83   5.72   5.53   5.46   5.83   5.61   5.34   5.14   4.88   4.68   5.43   5.60   5.91   6.40   6.49   6.64   6.42   6.22   6.09   6.75   6.99   7.18   7.02   6.98   7.01   6.75   6.92   6.97   6.92   6.74   6.92   7.35   7.07   7.15   7.16   7.13   7.00   7.02   7.30   7.15   7.26   7.78   7.66   7.53   7.41   7.29
 1906   7.40   7.26   7.25   7.13   7.00   6.89   7.08   6.95   7.18   7.13   7.16   7.07   7.09   7.17   7.14   6.87   7.12   7.06   6.66   6.30   6.19   6.00   5.58   5.00   5.41   5.46   5.22   5.26   5.28   4.96   5.22   6.08   5.82   7.37   7.37   7.15   8.34   8.66   8.44   8.36   8.17   8.51   9.35   9.25   9.09   9.04   8.86   8.73   8.74   8.65   8.55   8.45
 1907   8.49   8.33   8.20   8.29   8.33   8.20   8.03   8.05   7.99   7.87   7.68   7.30   7.05   6.81   6.52   6.44   6.28   6.14   5.94   5.83   6.58   6.43   7.21   6.81   6.74   6.42   6.86   7.24   7.78   7.62   7.59   7.50   7.42   7.47   7.34   7.07   6.72   6.88   6.84   6.87   6.63   6.33   6.11   5.89   5.65   5.47   5.24   5.03   4.84   4.98   4.80   5.00
 1908   4.85   4.69   4.52   4.36   4.40   4.31   4.69   4.54   4.34   4.26   4.48   4.26   4.10   4.10   3.74   4.17   4.01   4.70   4.58   4.61   4.75   4.76   5.18   5.31   5.31   5.13   5.21   5.49   5.28   5.64   5.38   5.60   5.99   5.80   5.67   5.35   4.95   4.46   4.77   4.68   4.44   4.88   5.45   5.26   5.08   5.00   5.52   5.51   5.49   5.44   5.41   5.29
 1909   5.29   5.16   5.09   5.17   5.12   5.44   5.37   5.50   5.38   5.47   5.38   5.13   5.03   5.09   4.94   4.89   5.01   4.90   4.63   4.72   5.38   5.34   5.28   5.22   5.48   5.62   5.85   6.16   6.00   5.83   6.21   6.49   6.38   6.42   6.53   6.63   6.73   6.89   6.66   6.46   6.68   6.51   6.48   6.42   6.24   6.80   6.87   7.02   7.03   7.06   6.94   6.88
 1910   6.90   6.90   6.79   6.73   6.61   6.50   6.38   6.38   6.22   6.06   5.79   5.39   5.08   4.67   4.23   4.10   3.75   4.07   3.80   3.53   3.14   2.77   2.97   2.43   2.00   1.54   1.36   1.85   1.71   1.40   1.04   1.17   2.58   2.38   2.28   2.90   2.71   2.95   2.96   3.62   3.41   3.22   3.03   2.82   2.62   2.48   2.41   2.25   2.26   2.14   2.03   1.86
 1911   1.88   1.75   1.61   1.49   1.38   1.33   1.41   1.27   1.09   0.80   0.55   0.21   0.13   0.13  -0.01  -0.27  -0.55  -0.18  -0.51  -0.80  -0.86  -0.99  -1.26  -1.42  -1.63  -1.18  -1.45  -0.97  -1.17  -1.23  -0.35   0.21   0.20   0.13   0.47   0.38  -0.02  -0.16  -0.40   1.24   1.02   1.45   1.48   1.38   1.23   1.41   1.26   1.21   1.08   0.99   1.38   1.46
 1912   1.45   1.40   1.40   1.39   1.58   1.49   1.39   1.38   1.37   1.32   1.39   1.62   1.47   1.27   1.23   1.66   1.68   1.67   1.70   1.49   1.46   1.36   1.44   1.14   0.77   0.35  -0.03  -0.17   0.89   0.79   0.56   0.44   1.80   1.59   1.41   1.81   1.93   1.94   2.16   2.08   2.42   2.25   2.15   1.99   1.80   1.65   1.49   1.35   1.54   1.44   1.33   1.18
 1913   1.14   1.03   0.92   0.81   0.73   0.62   0.48   1.30   1.19   1.00   1.50   1.34   1.19   1.46   2.18   1.90   2.64   3.13   3.85   4.03   4.26   4.00   3.75   3.20   3.53   3.56   3.23   3.61   3.73   3.65   3.22   3.47   3.07   2.65   2.28   1.80   1.72   1.65   1.48   1.20   0.91   0.66   0.65   0.43   0.23   0.06  -0.06  -0.15  -0.26  -0.39  -0.45  -0.62
 1914  -0.70  -0.81  -0.80  -0.83  -0.91  -0.87  -0.96  -0.99  -1.16  -1.36  -1.43  -1.55  -1.59  -1.61  -1.70  -1.79  -1.43  -1.41  -1.68  -1.41  -1.64  -1.73  -1.46  -1.13  -1.12  -1.33  -1.46  -1.70  -1.83  -2.01  -0.95  -1.06  -1.33  -1.49  -1.30  -1.24   0.58   0.51   0.42   0.34   0.21  -0.06  -0.18  -0.43  -0.63  -0.69  -0.80  -0.94  -0.73  -0.66  -0.56  -0.69
 1915  -0.75  -0.82  -0.83  -0.78   0.31   0.37   1.14   1.29   1.48   1.56   1.45   1.26   1.13   1.21   1.21   0.84   1.50   1.50   1.16   1.36   2.25   2.49   2.65   2.67   2.97   3.42   3.89   4.44   4.84   4.89   5.00   4.91   4.83   4.77   4.75   4.64   5.17   4.92   5.33   5.73   5.61   5.72   5.57   5.44   5.71   5.61   5.48   5.38   5.29   5.52   5.45   5.39
 1916   5.33   5.41   5.35   5.51   5.48   5.43   5.33   5.23   5.33   5.21   5.05   5.01   4.80   4.76   4.47   5.25   5.11   4.90   4.62   5.10   5.43   5.41   5.14   5.02   5.68   5.64   5.64   5.99   5.90   5.69   5.70   5.93   5.90   5.62   5.36   5.36   5.69   5.42   5.78   5.62   5.39   5.34   5.49   5.27   5.38   5.29   5.10   4.92   4.75   4.83   5.00   4.82
 1917   4.68   4.53   4.97   4.98   5.04   4.95   4.90   4.95   4.80   4.96   5.25   5.01   4.80   4.80   4.51   5.28   5.35   5.47   5.16   4.92   5.59   5.41   5.80   5.40   5.36   5.43   5.53   5.45   5.47   5.08   5.12   5.49   5.24   5.03   4.78   4.51   4.58   4.29   4.20   3.92   3.66   3.37   3.43   3.20   2.94   2.96   2.79   2.76   2.90   3.05   2.88   2.78
 1918   2.83   2.72   2.59   3.05   2.96   2.79   3.02   3.00   2.76   2.61   2.61   2.23   1.98   1.67   1.44   1.58   1.56   1.22   1.12   1.24   2.47   3.19   3.75   3.19   2.75   2.58   2.53   2.60   2.41   2.14   1.68   2.96   3.40   3.20   2.91   3.18   3.00   2.69   2.49   2.21   2.29   1.99   2.97   2.83   3.12   3.39   3.30   3.16   3.32   3.20   3.41   3.33
 1919   3.40   3.28   3.16   3.03   3.34   3.28   3.75   3.70   3.77   3.79   3.80   3.61   3.59   3.77   4.06   3.87   3.73   3.85   3.87   3.98   3.68   4.09   4.20   3.78   4.22   4.06   3.96   4.16   4.14   3.76   3.71   3.68   3.63   3.40   3.09   3.36   3.05   2.62   2.78   2.92   2.98   3.27   3.21   2.99   3.77   3.72   3.59   3.77   3.72   3.61   3.49   3.38
 1920   3.31   3.19   3.07   2.99   3.08   2.97   2.90   2.92   2.91   2.88   2.86   2.76   3.06   2.89   3.55   3.95   4.52   4.43   4.65   4.59   4.68   5.16   4.91   5.10   5.30   5.37   5.28   5.35   5.12   5.23   5.04   4.74   4.65   4.43   4.65   4.59   4.19   3.91   3.96   3.70   3.43   3.55   3.42   4.23   4.34   4.19   4.01   4.17   4.01   3.87   4.32   4.16
 1921   4.04   3.91   3.78   3.84   3.76   3.90   3.81   3.68   3.44   3.21   2.95   2.59   2.53   2.39   2.10   1.77   1.63   2.10   2.22   2.20   2.56   2.42   2.62   2.11   1.63   1.15   1.67   1.56   2.68   2.56   2.57   2.42   2.24   2.22   2.45   2.92   2.90   2.52   2.47   2.24   1.96   1.58   2.37   2.35   2.24   2.13   2.10   1.97   1.80   1.80   1.83   1.66
 1922   1.70   1.64   1.64   1.50   2.25   2.12   1.96   2.28   2.10   2.04   1.69   1.45   1.29   0.93   2.16   1.91   1.64   1.72   1.53   1.24   1.09   1.15   1.85   1.38   0.92   0.85   0.83   0.60   0.55   1.65   1.47   1.12   0.73   0.93   0.61   0.26  -0.07  -0.21  -0.57  -0.45  -0.66  -0.82  -0.90  -0.39  -0.61   0.56  -0.05  -0.10  -0.15  -0.14  -0.18  -0.24
 1923  -0.15  -0.19  -0.23  -0.20  -0.23  -0.26  -0.31  -0.36  -0.31  -0.40  -0.33  -0.40  -0.47  -0.58  -0.60   0.23   0.44   0.63   0.75   0.80   0.89   0.47   0.98   0.55   1.05   1.07   1.26   1.32   1.00   0.66   1.87   2.72   2.93   2.98   3.47   3.34   3.22   4.04   4.54   4.44   4.46   4.35   4.27   4.31   4.21   4.31   4.18   4.10   4.00   3.92   3.80   4.10
 1924   4.06   4.06   3.99   3.92   4.00   3.93   4.07   4.16   4.19   4.09   4.09   3.98   4.28   4.00   3.69   3.53   3.97   3.79   4.00   3.86   3.90   3.65   3.75   3.95   3.93   4.38   4.21   4.25   4.60   4.48   4.73   4.92   4.88   4.60   4.58   4.39   4.74   4.74   4.65   4.49   4.56   4.25   4.03   3.77   3.63   3.46   3.29   3.12   4.31   4.19   4.20   4.13
 1925   4.13   4.08   4.03   4.18   4.07   4.00   3.91   4.03   3.90   3.72   3.82   3.49   3.23   3.01   2.70   2.97   3.27   3.20   2.91   2.89   2.49   2.62   2.58   2.78   2.87   2.59   2.53   2.37   2.08   1.75   1.51   1.34   1.06   0.66   0.35   0.62   0.60   0.25   0.19   0.29   0.12  -0.07  -0.02  -0.02  -0.19  -0.32  -0.46  -0.57  -0.60  -0.60  -0.47  -0.62
 1926  -0.71  -0.77  -0.87  -0.81  -0.57  -0.67  -0.76  -0.85  -0.98  -1.03  -1.11  -1.24  -1.31  -1.43  -1.53  -1.67  -1.80  -1.93  -1.73  -1.87  -2.11  -2.33  -2.54  -2.55  -2.69  -2.89  -3.06  -3.17  -3.37  -3.13  -3.32  -3.11  -2.60  -2.02  -1.93  -1.16  -1.28  -0.68  -0.81  -0.51  -0.62  -0.82  -0.94  -1.07  -1.20  -0.36  -0.36  -0.41  -0.25  -0.18  -0.26  -0.39
 1927  -0.46  -0.50  -0.56  -0.63  -0.28  -0.24   0.18   0.25   0.15   0.83   0.80   1.09   1.69   1.89   2.69   2.71   2.45   2.21   2.65   2.68   3.14   3.50   3.24   3.00   2.77   2.71   2.42   3.09   3.02   2.77   2.63   2.95   3.54   3.47   3.39   3.46   3.00   2.80   3.35   3.25   3.05   2.77   2.44   2.71   2.54   2.50   2.33   2.16   2.30   2.26   2.12   1.97
 1928   1.84   1.71   1.57   1.43   1.32   2.44   2.54   2.48   2.31   2.73   2.56   2.20   2.59   2.31   2.14   1.95   1.72   2.39   1.99   2.60   2.49   2.47   2.17   2.39   2.21   2.17   2.44   2.24   2.70   2.47   2.12   1.79   1.45   1.40   1.62   1.27   1.57   1.44   1.16   0.87   0.99   1.88   1.78   2.52   2.42   2.53   2.38   2.33   2.22   2.11   2.03   1.89
 1929   1.88   1.84   1.89   1.99   2.01   2.22   2.21   2.25   2.28   2.13   1.94   1.65   1.86   1.48   2.06   1.87   2.54   2.53   2.50   2.30   1.96   3.38   3.36   3.03   2.77   3.44   3.55   3.73   3.58   3.70   3.97   3.80   3.55   3.34   3.17   4.03   3.83   3.56   3.51   3.70   3.82   3.58   3.74   3.91   3.90   3.86   3.74   3.85   3.87   3.77   3.73   3.61
 1930   3.51   3.82   3.72   3.63   3.53   3.41   3.43   3.30   3.23   3.08   2.93   2.71   2.64   2.20   2.00   2.58   2.57   2.53   3.76   3.63   3.31   3.71   3.78   3.58   3.24   3.21   2.88   2.58   2.20   1.74   1.59   1.20   1.60   1.54   2.41   2.51   2.30   1.87   2.08   3.01   2.78   3.20   3.07   2.86   2.66   2.86   3.41   3.27   3.14   3.18   3.20   3.05
 1931   2.94   2.86   2.97   2.81   2.66   2.54   2.82   2.71   2.65   2.48   2.25   2.05   2.35   2.36   2.24   2.56   2.37   2.18   2.68   2.47   2.13   1.78   1.87   1.43   1.07   0.54   0.83   0.63   0.23  -0.24  -0.67  -0.98  -1.25  -1.31  -1.41  -1.58  -1.73  -1.71  -1.71  -1.75  -1.76  -1.88  -1.92  -1.93  -1.92  -1.87  -0.71  -0.66  -0.74  -0.81  -0.92  -0.59
 1932  -0.20  -0.06   0.36   0.31   0.40   0.35   0.89   0.80   0.79   0.65   0.48   0.51   0.34   0.02  -0.22  -0.36  -0.25   1.16   0.73   0.45   1.24   1.37   1.32   1.58   1.21   1.17   1.32   1.09   0.95   0.65   0.88   1.51   1.24   0.83   0.98   0.61   1.11   0.99   0.70   0.58   0.34   0.20   0.47   0.31   0.20   0.10  -0.05  -0.21  -0.31  -0.04  -0.16  -0.34
 1933  -0.43  -0.47  -0.51  -0.55   0.20   0.23   0.19   0.12  -0.16  -0.17  -0.18   0.15   0.18  -0.15  -0.21  -0.32  -0.44  -0.28   0.47   0.33  -0.30  -0.36  -0.45  -0.68  -0.86  -0.90  -0.81   1.12   1.26   1.27   1.44   1.29   0.95   1.15   1.17   0.69   0.69   0.35   0.25  -0.01  -0.25  -0.53  -0.57  -0.67  -0.72  -0.77  -0.81  -0.18  -0.36  -0.41  -0.54  -0.70
 1934  -0.38  -0.52  -0.67  -0.80  -0.82  -0.86  -0.92  -0.76  -0.78  -0.66  -0.93  -0.97  -0.38  -0.41  -0.73  -0.98  -1.10  -1.16  -1.33  -1.54  -1.75  -2.04  -0.85  -0.83  -1.09  -1.41  -1.20  -0.93  -1.27  -1.59  -1.93  -1.93  -2.06  -2.16  -2.23  -1.99  -1.79  -1.87  -1.19  -1.26  -1.48  -1.61  -1.77  -1.95  -2.08  -1.76  -1.79  -1.53  -1.19  -1.26  -1.34  -1.47
 1935  -1.54  -1.18  -1.11  -1.12  -1.17  -1.25  -1.08  -0.80  -0.83  -0.97  -1.16  -1.47  -1.41  -1.42  -0.74  -0.94   0.07   0.21   0.06   0.60   0.59   0.95   0.77   0.35   1.00   0.98   0.91   0.76   0.94   0.82   1.18   0.76   0.46   1.29   1.44   1.47   1.15   0.63   0.35   0.16  -0.05  -0.23  -0.38  -0.54  -0.63  -0.66  -0.71   0.20   0.16   0.32   0.26   0.31
 1936   0.48   0.46   0.92   1.17   1.29   1.49   1.83   1.82   1.78   1.75   1.60   1.43   1.96   1.97   1.63   1.40   1.17   1.00   1.07   0.93   1.32   1.75   1.52   0.95   0.48  -0.02  -0.48  -0.88  -1.07  -1.25  -1.44  -1.63  -1.84  -1.93  -1.57  -1.84  -0.11  -0.40  -0.69  -0.90  -1.13  -1.34  -1.40  -1.39  -1.46  -1.56  -1.62  -1.73  -1.68  -1.72  -1.72  -1.13
 1937  -0.43  -0.36  -0.09  -0.13   0.04   0.13   0.12   0.02  -0.12  -0.33  -0.45   0.16   0.04  -0.06  -0.29  -0.42   0.20   0.66   0.41   0.31   0.14   0.25   0.16  -0.22  -0.04  -0.09  -0.40  -0.64  -0.85  -0.88  -0.76  -1.01  -0.34   0.37   0.42   0.06  -0.12  -0.51  -0.29   0.58   0.46   1.01   0.88   0.63   0.45   0.57   0.38   0.24   0.12   0.14   0.13  -0.04
 1938  -0.10   0.14   0.42   0.33   0.37   0.85   1.26   1.15   1.05   0.89   1.29   0.92   0.73   1.04   0.87   0.73   0.62   0.76   0.78   1.36   1.34   1.19   0.89   0.50   0.08   0.07   1.12   0.95   0.93   1.05   1.34   1.35   1.08   0.61   0.30   1.47   2.53   2.32   2.06   1.86   1.66   1.41   1.26   2.12   2.25   2.14   2.01   1.90   1.84   1.75   1.73   1.60
 1939   1.86   1.92   2.13   2.15   2.14   2.33   2.62   2.60   2.59   2.67   2.58   2.31   2.78   2.76   2.62   2.83   2.66   2.42   2.49   2.16   2.19   2.08   1.90   1.67   1.23   2.39   2.56   2.38   2.29   2.02   1.67   2.66   2.45   2.18   1.90   1.53   1.03   0.57   0.38   0.08   0.01  -0.30  -0.46  -0.63  -0.84  -1.05  -1.19  -1.24  -1.32  -1.37  -1.40  -1.31
 1940  -1.02  -1.12  -1.17  -1.27  -0.97  -0.92  -0.99  -1.03  -1.20  -0.80  -0.47  -0.59  -0.44  -0.48  -0.69  -0.51   0.64   0.45   0.18  -0.06  -0.39  -0.05   0.46  -0.00  -0.16  -0.47  -0.71  -0.71  -0.58  -0.51  -0.41  -0.63  -0.91  -0.85  -0.87  -1.16  -1.26  -1.40  -1.52  -0.95  -1.12  -1.39  -0.97  -1.16  -0.56  -0.66  -0.36  -0.38  -0.49   0.51   0.41   0.31
 1941   0.48   0.39   0.92   1.20   1.09   0.96   1.12   1.80   1.83   1.75   1.64   1.69   1.53   1.94   2.22   2.65   2.43   2.33   1.97   1.79   1.61   1.54   1.33   1.34   1.54   1.88   1.66   2.14   1.85   1.41   0.95   0.51   0.61   0.29  -0.02   0.22   0.61   0.33   0.66   1.17   0.98   0.84   1.07   0.88   0.78   0.60   0.56   0.40   0.29   0.31   0.14   0.27
 1942   0.55   0.43   0.29   0.13   0.16   0.28   0.28   0.73   0.61   0.38   0.37   0.64   0.79   0.56   0.33   0.07   0.00   0.69   1.25   1.11   0.89   0.82   0.57   0.45   0.69   1.60   1.77   1.62   1.92   1.66   1.64   1.59   1.37   1.01   1.54   1.94   2.05   2.08   2.01   2.01   1.76   1.46   1.51   1.37   1.29   1.10   1.00   1.09   0.98   0.86   0.78   0.69
 1943   0.78   0.69   0.75   0.62   1.06   1.06   1.02   0.87   0.69   1.10   1.06   1.06   0.77   0.39   0.86   0.60   0.38   0.13   0.21   0.07  -0.19  -0.22  -0.33   0.21  -0.18  -0.23  -0.46  -0.49  -0.40  -0.38  -0.53  -0.67  -0.79  -0.80  -0.86  -0.95  -1.04  -1.13  -1.28  -1.35  -1.19  -1.33  -1.14  -1.07  -0.83  -0.94  -1.05  -1.19  -1.28  -1.30  -1.33  -1.39
 1944  -1.22  -1.31  -1.39  -0.71  -0.64  -0.08  -0.22   0.08   0.10  -0.10  -0.19  -0.26  -0.18  -0.46  -0.51  -0.52   0.68   1.64   1.88   1.72   1.68   1.49   1.81   2.06   1.68   1.58   2.64   2.97   2.96   2.76   3.74   3.59   3.77   4.36   4.50   4.35   4.62   4.55   4.39   4.52   4.39   4.23   4.06   3.90   3.98   4.07   4.17   4.17   4.07   4.05   4.09   4.02
 1945   3.94   3.97   4.09   4.01   4.15   4.08   4.04   4.22   4.31   4.29   4.28   3.98   3.74   3.86   3.60   4.05   3.96   3.80   3.90   3.93   4.15   4.21   4.31   4.28   3.91   4.12   4.03   4.11   3.95   3.69   3.99   3.77   4.16   4.15   3.85   3.45   3.16   2.99   3.12   2.94   2.67   2.30   2.09   1.81   1.64   1.65   1.47   1.93   1.77   1.74   1.63   1.86
 1946   1.74   1.61   1.47   1.37   1.36   1.50   1.38   1.26   1.03   1.15   1.43   1.24   0.98   0.63   0.63   0.28  -0.08   0.14   0.10  -0.02  -0.08  -0.08  -0.40  -0.75  -0.77  -0.99  -1.19  -1.25  -1.39  -1.48  -1.50  -1.57  -1.63  -1.70  -1.75  -0.71  -0.79  -0.65  -0.65   0.66   0.72   0.65   0.60   0.50   1.59   1.50   1.38   1.25   1.11   1.09   1.02   1.07
 1947   0.97   0.93   0.92   0.99   1.51   1.43   1.33   1.34   1.22   1.12   1.08   0.81   0.75   1.43   1.46   1.25   1.15   1.19   1.22   1.27   1.06   1.56   1.75   1.89   1.87   1.88   2.10   2.00   1.95   1.63   1.27   0.86   0.84   0.49   0.54   0.12   0.58   0.23  -0.03  -0.29  -0.28  -0.57  -0.44   0.37   0.33   0.71   0.95   0.84   1.34   1.25   1.14   1.00
 1948   0.91   0.80   0.70   0.68   0.59   0.99   0.95   1.03   1.50   1.53   1.36   1.03   0.93   1.00   0.69   0.44   0.38   0.56   0.38  -0.00  -0.46  -0.68  -0.73  -0.18   0.60   0.19  -0.15   0.09  -0.12   0.36   0.35   0.84   0.85   0.30  -0.21  -0.29  -0.43  -0.55  -0.57   0.20   0.12  -0.14  -0.21  -0.17  -0.20  -0.13   0.62   0.25   0.07  -0.08  -0.08   0.22
 1949   0.85   0.85   0.85   1.00   0.93   0.86   0.78   0.69   0.58   0.46   0.37   0.75   1.66   1.46   1.74   1.63   1.37   1.17   0.99   0.89   1.77   1.67   1.45   1.25   0.91   1.52   1.23   1.40   1.67   1.71   1.41   1.08   1.23   0.88   0.62   1.56   2.57   2.35   2.18   2.16   2.16   2.20   2.08   1.90   1.70   1.58   1.47   1.31   1.21   1.34   1.24   1.13
 1950   1.16   1.06   1.01   1.08   1.01   0.91   1.61   1.60   1.48   1.82   1.73   1.64   1.65   1.47   1.43   1.24   1.38   1.71   1.90   2.22   2.17   2.33   2.04   2.36   3.03   2.85   2.80   2.99   3.44   3.36   3.37   3.52   3.50   3.29   3.12   2.84   2.73   2.98   2.74   3.26   3.11   2.86   2.66   2.67   2.49   2.34   2.26   2.10   1.99   1.87   1.73   1.55
 1951   1.43   1.30   1.18   1.05   0.94   1.01   0.86   0.78   1.94   1.92   2.26   2.16   2.33   2.53   2.55   2.74   3.18   3.38   3.47   3.57   3.50   3.71   3.51   3.14   4.34   4.31   4.55   4.84   4.74   4.49   4.23   4.55   5.56   5.76   5.90   6.29   6.55   6.43   6.49   6.59   6.69   6.71   6.78   6.70   6.60   6.56   6.49   6.47   6.42   6.46   6.40   6.32
 1952   6.28   6.22   6.27   6.31   6.19   6.08   6.14   6.23   6.24   6.16   6.29   6.29   6.15   5.94   6.04   6.04   5.80   5.52   5.62   5.57   6.08   5.84   5.65   5.06   4.59   4.42   4.69   4.71   4.32   3.90   4.19   4.47   4.23   4.18   4.39   3.99   3.78   3.51   3.08   2.85   2.54   2.25   2.01   1.69   1.44   1.22   1.05   1.33   1.16   1.02   1.30   1.23
 1953   1.20   1.06   1.14   1.00   0.89   1.02   1.01   1.68   1.62   1.44   1.35   1.14   1.05   1.22   1.79   1.70   2.03   2.51   3.51   3.60   3.72   3.61   3.97   3.43   3.03   2.67   2.58   2.41   2.06   2.83   3.24   3.84   3.90   3.61   3.32   3.73   3.49   3.11   2.74   2.46   2.14   1.81   1.83   1.53   1.32   1.03   1.65   1.48   2.47   2.37   2.23   2.06
 1954   1.94   1.81   1.67   1.54   1.43   1.29   1.12   2.21   2.10   1.93   2.11   1.96   2.01   1.92   1.63   1.69   1.68   2.38   2.11   2.03   2.16   3.02   2.76   2.27   2.97   3.06   2.89   2.65   2.34   2.16   2.20   2.48   2.64   3.03   2.81   3.08   3.02   2.71   2.32   2.52   2.60   2.38   2.86   2.66   2.44   2.24   2.05   2.22   2.11   1.97   1.82   1.61
 1955   1.48   1.35   1.24   1.22   1.37   1.26   1.10   1.44   1.24   1.00   0.71   0.61   0.41   0.27  -0.06  -0.38  -0.20  -0.58  -0.97  -1.16  -1.20  -1.37  -1.16  -1.36  -0.77  -0.78  -1.12  -1.16  -1.36  -1.53  -1.75  -1.89  -2.06  -2.25  -2.32  -2.45  -2.58  -2.69  -2.67  -2.69  -2.79  -2.89  -2.92  -2.99  -3.05  -3.07  -3.10  -3.13  -2.51  -2.58  -2.67  -2.83
 1956  -2.85  -2.92  -2.90  -2.88  -2.82  -2.87  -2.89  -2.92  -2.97  -3.04  -3.15  -3.27  -3.33  -3.34  -3.38  -3.48  -3.36  -3.38  -3.19  -3.39  -3.63  -3.68  -3.77  -4.04  -4.21  -4.30  -4.31  -3.37  -3.35  -3.65  -3.57  -3.58  -3.62  -3.92  -4.06  -4.14  -4.19  -4.29  -4.35  -4.43  -4.52  -4.61  -4.62  -4.56  -4.54  -4.50  -4.47  -4.49  -4.50  -4.35  -4.39  -4.43
 1957  -4.43  -4.32  -4.36  -4.36  -4.35  -4.37  -4.39  -4.32  -4.39  -4.49  -3.59  -3.84  -4.02  -3.73  -3.83  -4.00  -4.18  -4.20  -3.63  -2.99  -3.18  -3.38  -3.40  -3.29  -3.45  -3.26  -2.83  -2.42  -2.66  -2.82  -2.70  -2.69  -2.92  -3.12  -2.97  -3.00  -2.82  -2.49  -2.62  -2.29  -2.26  -2.15  -2.08  -1.82  -1.91  -1.37  -1.44  -1.51  -1.57  -1.61  -1.65  -1.74
 1958  -1.78  -1.82  -1.81  -1.86  -1.83  -1.88  -1.87  -1.94  -1.00  -0.86  -0.98  -1.15  -1.27  -0.47  -0.66  -0.73  -0.13  -0.15  -0.35  -0.54  -0.84  -0.82  -1.04  -0.99  -1.15  -1.40  -0.82  -0.58  -0.50  -0.08  -0.28  -0.43  -0.63  -0.85  -1.05  -1.22  -1.29  -1.56  -1.78  -1.99  -2.21  -2.33  -2.36  -2.45  -2.50  -2.36  -2.46  -2.49  -2.48  -2.50  -2.52  -2.58
 1959  -2.57  -2.59  -2.56  -2.58  -2.59  -2.42  -2.53  -2.43  -2.52  -2.53  -2.51  -2.64  -2.04  -2.37  -2.53  -2.19  -2.43  -1.86  -1.73  -1.82  -1.70  -0.84  -1.12  -1.62  -1.85  -1.27  -1.41  -1.58  -1.48  -1.78  -1.01  -1.05  -1.12  -1.09  -1.25  -1.48  -1.69  -1.57  -1.65  -1.45  -1.26  -1.42  -1.13  -0.47   0.45   1.20   1.15   1.08   1.01   0.95   0.90   1.43
 1960   1.55   1.65   1.58   1.52   1.45   1.61   1.53   1.54   1.57   1.74   1.94   1.76   1.88   2.24   2.09   1.85   2.18   2.95   2.65   3.22   3.43   3.13   3.08   3.26   3.29   3.29   3.14   3.40   3.25   2.98   2.63   2.44   2.73   3.29   4.28   4.37   4.20   4.21   3.95   3.74   3.64   3.41   3.21   3.59   3.43   3.28   3.11   3.72   3.78   3.67   3.57   3.54
 1961   3.66   3.54   3.45   3.34   3.47   3.37   3.46   3.38   3.46   3.67   3.56   3.31   3.14   3.16   3.32   3.09   2.95   3.18   3.05   3.38   3.13   3.16   2.97   3.13   2.74   2.35   2.13   2.61   2.68   2.97   2.52   2.30   2.25   2.14   1.71   1.56   1.76   1.79   1.67   1.43   1.46   1.28   1.07   1.09   0.89   0.93   0.78   0.61   0.55   0.66   0.81   0.62
 1962   0.50   0.38   0.29   0.17   0.04  -0.09   0.31   0.70   0.82   1.00   1.03   1.26   1.19   1.23   1.15   0.90   1.12   0.87   0.78   1.40   2.10   2.33   3.04   3.40   3.22   3.08   3.15   3.41   3.23   3.54   3.68   3.78   3.52   3.18   3.73   4.13   4.23   4.01   4.07   4.14   3.89   3.63   3.49   3.30   3.09   2.92   2.72   2.50   2.37   2.26   2.29   2.26
 1963   2.14   2.48   2.35   2.22   2.13   2.07   1.93   1.86   2.05   1.90   1.92   1.63   1.31   0.94   0.79   0.47   0.90   0.89   0.73   0.49   0.14   1.57   1.64   1.98   2.17   2.29   3.23   3.19   3.09   3.60   3.92   3.89   3.85   3.56   3.78   3.79   3.48   3.50   3.28   3.00   2.69   2.55   2.27   2.02   1.76   1.58   1.45   1.28   1.19   1.10   0.97   0.78
 1964   0.66   0.88   0.74   0.62   0.52   0.39   0.38   0.24   0.30   0.10  -0.01   0.17   0.01   0.24   0.10  -0.12   0.41   0.46   0.86   0.66   0.43   0.15  -0.18   0.24   0.37   0.36   0.85   1.00   0.72   0.57   1.20   1.45   1.51   2.37   2.70   3.11   2.93   3.05   2.84   2.78   2.57   2.33   2.16   1.91   1.67   1.88   1.72   1.65   1.60   1.50   1.53   1.56
 1965   1.46   1.34   1.22   1.15   1.05   1.82   1.70   1.64   1.51   1.35   1.39   1.21   1.06   1.40   1.28   1.03   1.19   1.09   1.06   1.19   2.11   1.93   2.35   2.06   1.66   1.90   2.16   2.28   2.08   1.86   1.64   1.62   1.34   1.89   1.78   2.16   2.15   2.67   3.22   3.11   2.97   3.02   2.88   2.69   2.53   2.55   2.41   2.29   2.17   2.29   2.34   2.21
 1966   2.12   2.01   2.15   2.06   1.96   2.63   2.52   2.43   2.41   2.36   2.08   2.24   2.02   1.80   1.55   1.87   1.83   1.59   1.43   1.14   0.93   1.21   1.60   1.18   1.71   1.41   1.83   1.59   1.69   1.38   1.19   1.67   2.37   2.43   2.43   2.54   2.26   2.04   1.95   1.72   2.41   2.21   2.09   1.89   1.80   1.65   1.48   1.33   1.34   1.22   1.08   1.21
 1967   1.53   1.43   1.30   1.18   1.08   0.95   0.81   0.67   0.47   0.23   0.00  -0.30  -0.42  -0.57  -0.71  -0.86  -0.93  -1.01  -1.04  -1.16  -1.23  -0.80  -0.14   1.04   1.75   1.75   1.55   1.61   1.78   1.45   1.20   1.50   1.49   1.75   1.49   1.16   1.03   0.62   0.32   0.26   0.02  -0.26  -0.14  -0.17  -0.34  -0.47  -0.61  -0.70  -0.71  -0.74  -0.61  -0.77
 1968  -0.54  -0.45  -0.62  -0.68  -0.76  -0.80  -0.85  -0.89  -0.96  -1.07  -1.16  -1.28  -1.32  -0.92  -1.13  -0.89  -1.01  -1.21  -1.37  -1.50  -1.63  -1.76  -1.94  -2.17  -2.19  -2.25  -2.34  -2.46  -2.58  -2.67  -2.83  -2.65  -2.75  -2.93  -2.14  -2.03  -1.83  -1.54  -1.71  -1.81  -1.79   0.77   0.73   0.62   0.75   0.83   0.74   0.73   0.66   0.78   2.06   1.99
 1969   2.24   2.18   2.30   2.44   2.37   2.31   2.48   2.50   2.61   2.53   2.45   2.64   2.52   2.32   1.96   1.94   1.83   1.70   1.33   1.61   1.65   1.31   1.02   1.07   1.08   2.32   2.55   2.76   2.79   2.87   3.00   2.82   2.54   2.46   2.87   2.85   2.88   2.90   2.76   2.91   3.07   3.12   3.02   3.25   3.10   3.02   2.87   2.75   2.74   2.64   2.53   2.86
 1970   2.77   2.66   2.62   2.53   2.43   2.33   2.24   2.13   2.26   2.39   2.24   2.33   2.25   1.98   2.43   2.70   2.41   2.31   2.70   2.45   2.33   2.77   2.44   2.88   2.78   2.46   2.20   1.94   1.72   1.28   1.27   0.98   0.72   0.46   0.27  -0.14  -0.03   0.03   0.08  -0.10   0.97   0.77   0.98   1.16   1.61   1.49   1.59   1.46   1.34   1.85   1.77   1.66
 1971   1.69   1.63   1.53   1.43   1.35   1.25   1.11   2.38   2.37   2.26   2.06   2.29   2.23   2.02   1.65   1.76   1.73   1.68   1.54   1.36   1.20   1.24   2.35   2.87   2.44   2.13   2.31   2.62   2.47   2.16   1.81   1.45   1.15   0.73   0.36   0.01  -0.33  -0.36  -0.49  -0.62  -0.89  -1.18  -0.72   0.01  -0.14   0.61   0.48   0.68   0.71   0.62   0.52   0.73
 1972   0.65   0.56   0.47   0.49   0.42   0.72   0.62   0.52   0.46   0.28   0.14  -0.06  -0.18  -0.35  -0.48  -0.41  -0.21   1.24   1.73   1.50   2.10   1.86   2.39   2.40   2.14   2.07   2.20   2.02   2.73   2.72   2.76   2.75   2.40   2.35   2.66   2.45   2.06   2.19   1.96   2.02   1.75   1.65   1.61   2.36   2.32   2.19   2.02   1.88   1.81   1.70   1.57   2.19
 1973   2.09   1.97   2.25   2.32   2.22   2.13   2.32   2.22   2.06   2.43   2.58   2.82   3.17   3.03   3.42   3.35   3.19   3.03   2.74   2.44   3.22   3.40   3.17   2.96   3.14   2.90   3.00   2.74   2.84   2.99   2.59   2.21   1.77   1.31   1.07   1.80   1.82   1.76   2.88   2.74   2.82   2.56   2.42   2.25   2.04   2.10   2.64   2.48   2.34   2.38   2.24   2.45
 1974   2.40   2.29   2.15   2.04   1.92   1.79   1.61   1.53   1.24   1.20   0.96   0.89   0.64   0.88   0.77   0.46   0.11  -0.22  -0.08  -0.32  -0.63  -0.87  -0.46  -0.82  -0.85  -1.03  -1.11  -1.25  -1.36  -1.50  -1.14  -0.96  -1.04  -1.36  -1.23  -1.17  -1.06  -1.39  -1.52  -1.58  -1.68  -1.80  -1.79  -1.78  -1.83  -1.85  -1.88  -1.90  -1.94  -1.79  -1.87  -1.95
 1975  -1.95  -1.74  -1.52  -1.59  -1.64  -1.67  -1.78  -1.86  -1.93  -2.01  -2.03  -2.04  -2.00  -1.90  -1.87  -1.87  -1.98  -1.78  -1.91  -2.07  -2.21  -2.30  -2.28  -2.31  -1.64  -1.95  -2.27  -2.34  -2.47  -2.62  -2.68  -2.73  -2.00  -1.87  -2.11  -2.28  -2.54  -2.61  -2.60  -2.69  -2.78  -2.88  -2.80  -2.92  -2.47  -2.56  -1.88  -1.76  -1.84  -1.89  -1.96  -2.04
 1976  -1.89  -1.95  -2.02  -2.08  -2.08  -2.15  -2.17  -2.23  -2.38  -2.35  -2.39  -2.52  -2.27  -2.53  -2.61  -2.66  -2.22  -2.40  -2.57  -2.71  -2.70  -2.85  -3.03  -3.26  -3.04  -3.26  -3.38  -3.29  -3.46  -3.34  -3.48  -3.61  -3.38  -3.62  -3.68  -3.73  -3.73  -3.84  -3.86  -3.92  -4.00  -4.00  -3.96  -4.00  -4.04  -4.05  -4.07  -4.09  -4.05  -4.05  -4.06  -4.10
 1977  -4.09  -4.09  -4.09  -4.10  -4.09  -4.11  -4.09  -4.00  -3.77  -3.92  -3.91  -3.91  -3.70  -3.63  -3.44  -2.91  -3.16  -3.18  -3.54  -3.66  -3.31  -3.54  -3.70  -3.69  -3.73  -3.83  -3.96  -3.97  -3.87  -3.90  -3.84  -3.62  -3.80  -3.80  -3.54  -3.39  -3.63  -3.74  -3.43  -2.79  -2.76  -2.85  -2.64  -2.76  -2.33  -2.39  -2.46  -2.52  -2.54  -2.58  -2.35  -2.19
 1978  -2.23  -2.26  -2.28  -2.30  -2.08  -2.02  -1.77  -1.75  -1.79  -1.93  -1.99  -2.21  -2.41  -2.38  -2.30  -2.10  -2.22  -1.88  -1.73  -1.88  -2.14  -1.70  -1.92  -2.21  -2.38  -2.59  -1.69  -1.71   0.05  -0.08  -0.08  -0.31   0.29   0.06  -0.16  -0.49  -0.64  -0.83  -1.13  -1.24  -1.28  -1.51  -1.53  -1.77  -1.93  -1.83  -1.90  -1.84  -1.44  -1.49  -1.54  -1.66
 1979  -1.72  -1.64  -1.53  -1.07  -1.11  -1.19  -1.26  -1.20  -0.70  -0.85  -0.65   0.39   0.34   0.33   0.59   0.50   0.71   0.58   1.74   1.80   1.53   1.82   1.90   1.83   1.90   1.99   1.78   1.57   1.84   1.92   2.52   2.50   2.83   2.99   3.03   3.13   3.36   3.09   3.19   3.01   2.82   2.67   2.63   3.53   3.66   3.56   4.16   4.10   4.03   3.96   3.98   3.92
 1980   3.85   3.87   3.80   3.74   3.76   3.73   3.70   3.64   3.56   3.57   3.43   3.20   3.34   3.65   3.53   3.19   2.92   2.59   2.55   2.59   2.19   2.19   1.85   1.57   1.29   0.91   0.52   0.11  -0.20  -0.48  -0.33   1.27   1.38   1.34   1.37   1.00   0.66   0.88   0.63   0.38   0.11   0.15   0.57   0.39   0.21   0.12  -0.02  -0.06  -0.14  -0.23  -0.30  -0.45
 1981  -0.54  -0.63  -0.73  -0.83  -0.81  -0.78  -0.91  -0.99  -1.02  -1.13  -1.26  -1.40  -0.60  -0.98  -1.30  -1.51  -1.72  -1.71  -1.71  -1.77  -1.99  -2.03  -2.21  -2.23  -2.33  -2.46  -2.52  -2.70  -2.53  -1.54  -1.29  -1.47  -1.54  -1.81  -1.76  -1.98  -2.27  -2.51  -2.49  -2.53  -2.59  -2.59  -2.58  -2.55  -2.60  -2.68  -2.66  -1.90  -2.00  -1.80  -1.88  -2.00
 1982  -1.94  -1.95  -2.02  -1.42  -1.39  -1.46  -1.56  -1.66  -1.62  -1.81  -1.79  -1.91  -2.09  -1.98  -2.07  -2.19  -2.25  -2.29  -2.33  -1.40  -0.81  -0.66  -0.87  -0.88  -1.07  -0.77  -0.67  -0.71  -0.67  -0.81  -0.84  -1.06  -1.26  -1.51  -1.57  -1.63  -1.67  -1.90  -1.53  -1.21  -0.52   0.04  -0.03  -0.13   1.06   1.07   0.99   1.16   1.28   1.23   1.26   1.97
 1983   1.93   2.21   2.18   2.18   2.26   2.21   2.30   2.24   2.34   2.45   2.78   2.89   3.04   3.06   3.48   3.28   3.18   3.40   3.30   3.49   3.20   2.93   2.67   3.28   2.87   3.81   3.61   3.43   3.25   3.34   3.30   2.97   2.58   2.29   1.88   1.58   1.49   1.22   1.58   1.60   1.52   1.64   1.51   1.36   1.48   1.64   1.93   2.15   2.01   1.89   1.79   1.63
 1984   1.51   1.56   1.43   1.30   1.25   1.12   1.58   1.45   1.27   2.98   2.89   2.69   2.56   3.06   3.34   3.46   3.72   3.93   3.78   3.62   3.78   3.59   3.67   3.63   4.38   4.16   3.95   4.24   4.08   4.07   3.66   3.30   2.92   2.83   2.50   2.37   2.26   1.87   1.67   2.28   3.12   3.66   3.56   3.37   3.43   3.28   3.11   2.96   2.81   2.99   2.86   2.72
 1985   2.61   2.57   2.50   2.38   2.78   2.66   2.52   2.38   2.58   2.34   2.09   2.04   2.86   2.67   2.28   3.15   3.28   3.00   3.17   3.01   2.67   2.44   2.09   1.68   1.22   2.59   2.43   2.27   2.06   1.81   1.72   2.42   2.73   3.00   3.09   2.86   3.46   3.54   3.61   3.56   3.62   3.49   3.42   3.25   3.23   3.31   3.27   3.33   3.30   3.20   3.10   2.97
 1986   2.94   2.82   2.72   2.69   3.01   3.00   2.88   2.76   2.59   2.42   3.11   2.87   2.59   2.84   2.96   3.13   3.13   3.15   3.25   3.59   3.82   3.54   3.80   3.64   3.33   3.84   3.62   3.66   3.78   3.79   3.46   3.29   3.54   3.66   3.44   3.21   3.73   4.32   4.13   4.66   4.67   4.51   4.67   4.56   4.54   4.48   4.34   4.23   4.33   4.23   4.13   4.01
 1987   3.96   3.84   3.83   3.80   3.78   3.67   3.55   3.44   3.33   3.12   3.81   4.43   4.46   4.24   4.37   4.05   3.68   3.44   2.91   2.76   2.78   2.53   2.19   2.19   2.25   2.36   2.18   2.44   2.23   2.97   2.70   2.50   2.51   2.59   2.31   2.10   2.32   2.78   2.50   2.28   2.01   1.73   1.76   1.53   1.39   1.56   1.39   1.58   2.22   2.10   1.96   1.90
 1988   1.78   1.71   2.18   2.09   1.98   1.96   1.84   1.71   1.51   1.24   1.03   0.80   0.54   0.77   0.62   0.84   1.04   0.92   0.53   0.26   0.76   0.67   0.32  -0.04  -0.56  -0.88  -0.66  -0.55  -0.73  -0.96  -0.77  -0.96  -1.01  -0.51  -0.73  -1.02  -0.73  -0.62  -0.56  -0.65  -0.95  -1.06  -1.11  -1.20  -1.28  -1.13  -1.12  -1.12  -1.24  -1.25  -1.29  -1.36
 1989  -1.09  -1.19  -1.32  -1.34  -1.36  -1.37  -1.41  -1.36  -1.25  -1.43  -1.42  -1.55  -1.65  -1.76  -1.83  -1.96  -2.06  -2.12  -2.29  -2.33  -2.57  -2.74  -2.91  -3.12  -3.21  -3.22  -3.39  -3.24  -3.40  -3.47  -3.60  -3.72  -3.75  -3.50  -3.60  -2.93  -2.98  -3.22  -3.49  -3.53  -3.62  -3.69  -3.77  -3.78  -3.83  -3.84  -3.86  -3.77  -3.76  -3.65  -3.70  -3.72
 1990  -3.72  -3.73  -3.54  -3.55  -3.59  -3.61  -3.61  -3.64  -3.71  -3.58  -3.70  -3.77  -3.82  -3.96  -3.99  -4.06  -3.96  -4.06  -3.64  -2.75  -2.60  -2.74  -2.98  -3.15  -3.38  -3.74  -3.86  -3.58  -3.79  -3.81  -3.90  -3.95  -4.05  -3.54  -3.49  -3.81  -3.98  -3.96  -4.05  -3.86  -3.81  -3.67  -3.68  -3.55  -3.54  -3.62  -3.69  -3.68  -3.46  -3.51  -3.56  -3.59
 1991  -3.55  -3.53  -3.54  -3.52  -3.50  -3.52  -3.46  -3.49  -3.55  -3.65  -3.65  -3.71  -3.65  -3.86  -3.26  -3.44  -3.13  -2.57  -2.66  -2.80  -3.16  -2.00  -1.74  -1.76  -1.68  -1.83  -1.92  -2.09  -2.14  -2.33  -2.61  -2.49  -2.62  -2.86  -3.12  -3.22  -3.00  -3.11  -3.21  -2.97  -3.13  -3.20  -3.22  -2.55  -2.65  -2.43  -2.50  -1.90  -1.96  -1.66  -1.70  -1.79
 1992  -1.56  -1.38  -1.43  -1.47  -1.55  -1.60  -1.28  -0.89  -1.05   0.31   0.24   0.07   0.23   0.06  -0.12   0.42   0.35   0.17  -0.05   0.44   0.28   0.27   0.55   0.53   0.35   0.76   0.87   1.46   1.80   2.02   2.02   2.69   2.72   3.48   3.83   4.16   4.23   4.01   3.83   4.36   5.33   5.23   5.09   5.41   5.36   5.27   5.29   5.22   5.16   5.49   5.40   5.38
 1993   5.29   5.26   5.30   5.21   5.10   5.03   5.10   5.31   5.21   5.10   4.98   4.89   5.18   5.23   5.29   5.53   5.30   5.39   5.51   5.33   5.21   6.01   5.92   5.70   6.10   6.04   6.45   6.80   6.98   7.20   7.11   7.01   7.58   7.35   7.50   7.57   7.46   7.56   7.36   7.17   7.39   7.21   7.16   7.00   6.84   7.21   7.25   7.13   7.02   7.06   6.96   6.88
 1994   6.80   6.68   6.57   6.82   6.69   6.66   6.54   6.77   6.64   6.50   6.28   5.98   5.84   5.63   6.02   5.74   6.04   5.89   5.61   5.41   5.07   4.87   4.75   4.51   5.31   5.02   5.35   5.51   5.59   5.32   5.08   5.08   4.78   5.10   5.12   5.33   5.34   5.49   5.26   5.44   5.22   4.98   4.76   4.50   4.24   4.00   3.97   4.08   4.33   4.27   4.12   4.08
 1995   3.94   3.79   3.65   3.64   3.51   3.37   3.21   3.03   2.84   2.78   2.68   3.47   4.16   4.00   4.30   4.87   4.88   5.09   5.22   4.99   5.22   5.70   5.65   5.17   5.17   4.87   5.12   5.05   4.93   4.55   4.59   4.17   3.88   5.17   4.96   4.70   4.35   5.16   4.99   5.58   5.52   5.32   5.92   6.10   5.98   5.99   5.85   5.90   5.84   5.75   5.65   5.55
 1996   5.57   5.46   5.43   5.50   5.39   5.29   5.19   5.09   4.98   4.92   4.72   4.86   4.71   4.51   4.58   4.38   4.23   4.33   4.28   4.12   4.08   4.54   4.42   4.30   4.37   4.05   3.80   3.65   4.71   4.92   5.35   5.29   5.11   4.86   4.81   4.87   4.60   4.71   5.08   4.93   4.74   4.99   4.87   4.96   4.82   5.68   5.59   5.71   5.65   5.59   5.51   5.67
 1997   5.71   5.68   5.63   5.56   5.83   5.77   5.67   5.57   5.46   5.41   5.43   5.22   4.96   4.91   5.10   5.07   4.87   5.27   5.02   4.76   5.83   5.70   5.40   5.31   5.23   4.89   5.26   5.97   5.97   5.94   5.60   5.40   5.66   5.45   5.21   5.26   5.10   5.90   5.64   5.37   6.26   6.09   6.36   6.28   6.15   6.03   5.88   5.75   5.71   5.72   5.78   5.67
 1998   5.57   5.52   5.56   5.51   5.40   5.30   5.32   5.21   5.31   5.47   5.42   5.30   5.58   6.00   6.24   6.05   6.21   5.92   5.84   5.84   5.47   5.85   5.95   6.02   6.11   6.10   6.28   6.43   6.26   5.98   6.35   6.33   6.02   5.98   5.66   5.28   4.84   4.41   4.35   5.68   5.46   5.60   5.56   5.97   6.37   6.24   6.08   5.95   5.81   5.67   5.54   5.63
 1999   5.76   5.65   5.53   5.41   5.28   5.14   5.08   5.46   5.31   5.40   5.24   4.99   4.78   5.45   5.82   5.79   5.67   5.75   5.74   5.60   5.82   6.14   6.64   6.69   6.76   7.30   7.62   7.45   9.29   9.11   8.78   8.64   8.34   8.02   7.68   7.44   7.09   6.68   6.29   6.35   6.01   5.68   5.43   5.08   4.69   4.36   4.22   4.00   3.78   3.60   3.40   3.13
 2000   2.95   2.77   2.57   2.38   2.25   2.06   2.04   2.52   2.20   2.01   1.81   1.53   1.23   0.94   0.67   0.83   0.75   0.41   0.04   0.59   0.56   0.43   0.19   0.01   0.26   0.33   0.16  -0.01  -0.26  -0.26  -0.29  -0.53  -0.70  -0.14  -0.24  -0.49  -0.75  -0.66  -0.85  -0.85  -1.03  -1.25  -1.09  -0.61   0.42   0.51   0.41   0.37   0.30   0.25   0.19   0.10
 2001   0.04   0.40   0.35   0.29   0.70   0.65   0.65   0.59   0.51   0.41   0.35   0.23   0.20   0.16   0.39   0.44   0.66   1.11   0.97   0.77   0.79   0.88   0.78   0.50   0.24   0.50   1.05   1.31   1.43   1.45   1.33   1.11   1.27   1.02   1.00   1.04   1.87   1.66   1.46   1.29   1.84   1.70   1.61   1.46   1.25   1.04   2.51   2.96   2.88   2.79   2.70   2.61
 2002   2.54   2.45   2.38   2.28   2.41   2.48   2.36   2.27   2.24   2.12   1.99   1.79   1.63   1.41   1.35   1.32   1.39   1.27   1.86   1.69   1.51   1.24   1.02   0.65   0.59   0.20  -0.11  -0.34  -0.69  -0.92  -0.93  -0.28  -0.21  -0.14  -0.11  -0.42  -0.27  -0.51  -0.69  -0.30  -0.29  -0.34  -0.16  -0.11  -0.20  -0.29  -0.39  -0.43  -0.50  -0.58  -0.58  -0.69
 2003  -0.68  -0.72  -0.53  -0.64  -0.73  -0.77  -0.57  -0.75  -0.64  -0.82  -0.94  -1.07  -0.58  -0.46  -0.83  -0.78  -0.89  -0.01   0.15   0.11 -99.00 -99.00 -99.00 -99.00 -99.00 -99.00 -99.00 -99.00 -99.00 -99.00 -99.00 -99.00 -99.00 -99.00 -99.00 -99.00 -99.00 -99.00 -99.00 -99.00 -99.00 -99.00 -99.00 -99.00 -99.00 -99.00 -99.00 -99.00 -99.00 -99.00 -99.00 -99.00
