 1893   0.77   0.35  -0.00   0.11   0.16   0.19   1.17  -0.02   1.12   1.20   0.65   0.13  -0.28  -0.59  -0.04   1.33   3.49   2.09  -0.11  -0.46  -0.58   0.01  -0.76  -1.35  -1.25  -0.91   0.95  -0.51  -0.22   0.32  -1.02  -0.88   0.57   1.03  -0.31  -1.00  -0.99  -0.24   0.50   0.58  -0.50  -0.65   0.11  -0.55  -0.51  -0.38  -0.45   3.08  -0.35  -0.27  -0.32   2.16
 1894   0.22  -0.24   0.13   0.16   0.01  -0.16  -0.13   0.47  -0.24  -0.50  -0.89  -0.26  -0.46  -0.64   1.61   0.90   1.21   0.89  -0.10  -0.45  -0.79   0.03  -0.55  -1.04  -0.69  -1.17  -0.91  -0.82  -1.00  -1.36  -0.60  -1.10   0.56  -1.04  -1.09  -1.17  -0.92  -1.12  -0.32   1.18  -0.49  -0.75  -0.68   0.03  -0.62  -0.36  -0.49  -0.54  -0.42   1.60  -0.48  -0.65
 1895  -0.37  -0.39   0.11   0.26   0.10  -0.17  -0.48  -0.51  -0.44  -0.73  -0.77  -0.95   0.15   1.20  -0.70  -0.73   0.09  -0.88  -0.55  -0.95  -1.31   2.29  -0.86   1.05   0.52  -0.10  -0.69   1.03  -0.77   0.67  -0.33   2.30  -0.31  -0.22   0.45   0.34  -0.59   3.95  -0.36  -0.17  -0.32  -0.48  -0.21  -0.41  -0.39   0.37   0.57  -0.09  -0.26  -0.19  -0.24  -0.36
 1896  -0.20  -0.24  -0.07  -0.15   0.06  -0.26  -0.32  -0.31   0.47  -0.41  -0.19  -0.35   0.97  -0.22   1.79   1.31   2.43   2.44  -0.62   2.10   1.53  -0.40   3.97  -0.51   1.67   0.33   1.56  -0.16  -0.27   3.40   1.10  -0.19   1.83  -0.20  -0.29   0.92  -0.07  -0.19   0.16   0.01   1.65  -0.21  -0.11   2.33   2.46   0.00  -0.11   4.45   0.10  -0.03   0.18   0.13
 1897   2.85   1.39   0.77   0.23  -0.06   0.23   0.14   0.40   0.13   1.38  -0.02   1.42   1.95   3.22   0.71  -0.14  -0.15  -0.47   0.30  -0.54  -0.72   2.39  -0.37  -1.07  -0.65   2.34  -0.45   1.49   2.40   0.33  -0.39   0.40   0.35  -0.31  -0.57  -0.54   0.10  -0.72  -1.04  -0.77  -0.20   1.33   0.13  -0.29   0.12  -0.29  -0.03   1.33   1.88   1.53   0.60  -0.04
 1898  -0.11  -0.16   0.86   1.10  -0.10   1.34  -0.10   0.29  -0.11   0.38   0.80  -0.37   0.24  -0.23  -0.16   0.64  -0.20   1.84  -0.64   3.58   1.13   0.29   3.76  -0.78   0.04   0.12   0.93  -0.28  -0.55   1.32   1.70   2.85  -0.04  -0.42  -0.57  -0.41   0.98  -0.74  -0.83  -0.42  -0.09   2.09  -0.10  -0.15  -0.29   0.59   0.22  -0.03   0.31  -0.14  -0.17  -0.26
 1899   0.07   0.28  -0.17   0.68   0.28  -0.15  -0.20   0.49   1.56  -0.13   1.80  -0.30  -0.15  -0.04  -0.68  -0.21  -0.58   4.19  -0.07   0.79   1.66   1.48   0.68  -0.23  -0.09   4.70   1.34   0.13  -0.28  -0.22   0.59  -0.34   1.05  -0.23   0.38  -0.32  -0.72  -0.66  -0.60   0.15  -0.41  -0.35   0.82  -0.44  -0.38  -0.44  -0.02   0.60   1.02  -0.12  -0.26   0.17
 1900   0.11   0.05  -0.07  -0.24  -0.20   1.29   1.02  -0.22  -0.15  -0.01  -0.35   0.32   1.54  -0.61   1.01   1.40   2.41  -0.14   0.56  -0.27   0.80   1.72  -0.49  -0.70  -0.97  -0.40   0.72   6.04   3.36   0.12  -0.64  -0.45   1.26   0.74  -0.19  -0.48   3.15   1.46  -0.22  -0.14  -0.38   0.21   1.89  -0.04  -0.21   0.06   0.03  -0.16   0.04  -0.11   0.76   0.40
 1901   0.02   0.38  -0.10  -0.09  -0.11   1.87  -0.09   0.03   0.32   0.32   0.62   0.44   0.96  -0.17  -0.10   1.08   0.04   2.39  -0.10  -0.48  -0.11  -0.60   1.08   0.63   1.17  -0.04  -0.39  -0.53  -0.78  -1.07   0.05   1.21  -0.69  -0.96  -0.86   4.99   6.23   0.69   2.07   0.61   0.96  -0.06   1.42   1.50   0.08   0.00  -0.11  -0.00   1.13   0.85   1.04   0.00
 1902   0.00  -0.06  -0.00   2.42   0.80   0.59   0.14  -0.02   1.38   0.08  -0.02  -0.24   0.87  -0.03   0.03  -0.44   1.17   0.82  -0.85   1.53  -0.45  -0.67  -0.33  -0.32   0.87   0.42   1.56   1.45   0.81   0.05  -0.73   0.73   0.75   2.96   0.51  -0.29  -0.46   5.95   0.09  -0.06  -0.16  -0.20  -0.22   0.54  -0.13   0.28  -0.18  -0.10   1.45   0.38   2.20   0.00
 1903   0.00  -0.06  -0.00  -0.01   1.01   0.29  -0.05  -0.02   0.94  -0.11   0.12  -0.36  -0.15  -0.41  -0.64   0.01   1.85  -0.26   2.11  -0.39   3.59   2.76   0.00  -0.77   2.40  -0.20   1.49   2.12   1.65  -0.28   3.78   0.45   0.41   1.15   1.61   0.14   0.74  -0.40  -0.34   2.55   0.58   0.06  -0.10   0.33  -0.10  -0.03   0.35  -0.01   0.04   0.21  -0.06  -0.06
 1904   0.40  -0.09   0.06   0.36   0.03   0.36   0.40   0.42  -0.04   0.07  -0.06  -0.19  -0.09   1.67  -0.52   1.06  -0.36  -0.20  -0.24   2.72   1.08   2.01  -0.52   0.30   0.95   0.18   2.10  -0.11  -0.04  -0.20   1.25   0.59   3.63   0.06   0.74  -0.35  -0.28  -0.59   0.10  -0.35   1.50   3.51  -0.06  -0.14   0.04  -0.12  -0.19  -0.10  -0.10  -0.03  -0.10  -0.00
 1905   0.58   1.33  -0.04   0.97   0.58   1.81  -0.05  -0.04  -0.25   0.04   2.00  -0.34  -0.47  -0.31  -0.46  -0.32   2.34   1.36   2.21   3.23   1.01   1.39  -0.32  -0.27  -0.09   3.37   1.88   1.65  -0.15   0.20   0.71  -0.41   1.01   0.87   0.25  -0.19   1.30   2.96  -0.42   0.51   0.65   0.42  -0.07   0.59   2.12  -0.10   1.10   3.45   0.00  -0.01  -0.02  -0.00
 1906   0.99  -0.06   0.40  -0.01  -0.06  -0.00   1.45  -0.05   1.75   0.29   0.77   0.08   0.67   1.05   0.37  -0.43   1.47   0.27  -0.80  -0.66  -0.02  -0.24  -0.87  -1.35   1.39   0.39  -0.39   0.35   0.32  -0.64   0.95   3.02  -0.43   8.66   0.59  -0.28   6.87   2.47  -0.23   0.14  -0.16   2.17   5.40   0.16  -0.03   0.38  -0.11  -0.00   0.58   0.21   0.14   0.17
 1907   0.88  -0.06  -0.00   1.00   0.90  -0.00  -0.11   0.55   0.31   0.00  -0.17  -0.72  -0.34  -0.36  -0.47   0.06  -0.13  -0.12  -0.26  -0.03   2.34  -0.13   4.03  -0.79   0.10  -0.56   1.54   2.66   3.62  -0.11   0.31   0.10   0.16   0.90  -0.04  -0.44  -0.62   0.73   0.18   0.37  -0.35  -0.52  -0.33  -0.31  -0.39  -0.24  -0.38  -0.32  -0.29   0.62  -0.24   0.78
 1908  -0.18  -0.22  -0.23  -0.22   0.33  -0.04   1.29  -0.21  -0.32  -0.01   0.83  -0.42  -0.22   0.21  -0.81   1.39  -0.24   2.09  -0.11   0.28   1.00   0.44   2.77   1.13   0.43  -0.24   0.55   1.96  -0.31   2.02  -0.43   1.15   2.62  -0.26  -0.09  -0.61  -0.86  -1.10   1.08  -0.04  -0.43   1.42   2.23  -0.26  -0.25   0.00   2.60   0.43   0.31   0.18   0.29  -0.10
 1909   0.27  -0.11   0.03   0.71   0.13   2.22   0.04   1.14  -0.07   0.80  -0.02  -0.43  -0.03   0.38  -0.18   0.08   0.60  -0.08  -0.51   0.43   3.80   0.19   0.10   0.12   1.89   1.23   1.70   2.26  -0.17  -0.22   2.10   2.09  -0.02   0.67   1.12   1.10   1.12   1.41  -0.32  -0.26   1.05  -0.18   0.19   0.14  -0.20   3.33   0.94   1.41   0.62   0.74  -0.01   0.17
 1910   0.66   0.56  -0.00   0.19  -0.06  -0.00  -0.05   0.27  -0.15  -0.17  -0.49  -0.81  -0.61  -0.87  -0.98  -0.13  -0.76   1.09  -0.56  -0.54  -0.92  -0.86   0.75  -1.37  -1.10  -1.24  -0.41   1.61  -0.27  -0.81  -1.00   0.51   4.38  -0.42  -0.15   2.02  -0.40   0.90   0.20   2.14  -0.43  -0.35  -0.35  -0.44  -0.41  -0.27  -0.05  -0.32   0.19  -0.22  -0.17  -0.40
 1911   0.20  -0.26  -0.28  -0.27  -0.22  -0.04   0.37  -0.32  -0.46  -0.83  -0.75  -1.05  -0.22   0.06  -0.43  -0.88  -0.99   1.35  -1.17  -1.06  -0.28  -0.52  -1.10  -0.79  -1.68   1.21  -0.87   1.28  -0.64  -0.26   2.38   1.45  -0.07  -0.23   0.85  -0.25  -1.10  -0.43  -0.74   4.87  -0.40   1.77   0.29  -0.14  -0.27   0.47  -0.26  -0.03  -0.22  -0.15   0.95   0.58
 1912   0.03  -0.03   0.05   0.06   1.08  -0.11  -0.16   0.05   0.06  -0.05   0.23   1.08  -0.27  -0.38  -0.02   1.36   0.26   0.07   0.31  -0.39   0.01  -0.17   0.28  -0.65  -0.83  -0.99  -0.96  -0.35   2.80  -0.18  -0.52  -0.27   4.27  -0.41  -0.35   1.20   0.83   0.19   1.40  -0.10   1.90  -0.31  -0.16  -0.29  -0.37  -0.28  -0.33  -0.27   0.57  -0.16  -0.20  -0.30
 1913  -0.02  -0.21  -0.22  -0.24  -0.14  -0.23  -0.34   2.30  -0.19  -0.45   1.44  -0.34  -0.31   0.79   2.69  -0.58   3.50   2.96   4.28   1.31   1.62  -0.52  -0.47  -1.29   1.06   0.25  -0.71   1.17   0.49  -0.04  -0.99   0.83  -0.92  -0.97  -0.86  -1.21  -0.09  -0.08  -0.36  -0.71  -0.75  -0.65   0.04  -0.59  -0.55  -0.47  -0.31  -0.27  -0.32  -0.40  -0.18  -0.56
 1914  -0.27  -0.38   0.02  -0.13  -0.32   0.10  -0.34  -0.15  -0.69  -0.96  -0.70  -1.03  -0.46  -0.31  -0.79  -0.87   0.99  -0.06  -0.91   0.72  -0.79  -0.53   0.71   0.86  -0.05  -0.70  -0.47  -1.11  -1.16  -1.46   3.08  -0.41  -0.90  -0.56   0.46   0.09   5.06  -0.20  -0.28  -0.23  -0.39  -0.82  -0.39  -0.79  -0.66  -0.27  -0.42  -0.51   0.58   0.14   0.24  -0.47
 1915  -0.26  -0.30  -0.13   0.08   3.27   0.13   2.37   0.90   1.20   0.58  -0.18  -0.37  -0.23   0.25   0.08  -0.80   1.69   0.11  -0.70   0.52   4.71   1.56   1.06   0.35   1.90   2.73   2.92   3.36   2.63   0.68   1.00  -0.02  -0.01   0.07   0.13  -0.08   3.20  -0.43   2.19   2.67  -0.10   0.95  -0.15  -0.12   1.56  -0.02  -0.12  -0.02  -0.02   1.36   0.08   0.08
 1916   0.11   0.87   0.14   1.31   0.26   0.19  -0.05  -0.04   0.84  -0.09  -0.22   0.13  -0.36   0.11  -0.57   3.37  -0.13  -0.35  -0.52   1.86   2.25   0.35  -0.50  -0.10   3.38   0.24   0.44   2.42   0.01  -0.32   0.27   1.59   0.33  -0.49  -0.47   0.25   1.39  -0.50   1.89  -0.19  -0.37   0.11   0.66  -0.36   0.63  -0.02  -0.28  -0.24  -0.25   0.45   0.75  -0.27
 1917  -0.15  -0.20   2.01   0.47   0.72  -0.02   0.08   0.64  -0.16   1.01   2.07  -0.42  -0.33   0.19  -0.55   3.31   0.82   1.10  -0.60  -0.41   2.94  -0.23   2.30  -0.80   0.11   0.42   0.63   0.02   0.53  -0.82   0.35   1.84  -0.41  -0.35  -0.43  -0.52   0.39  -0.56  -0.03  -0.56  -0.51  -0.61   0.34  -0.46  -0.55   0.23  -0.31   0.09   0.55   0.59  -0.30  -0.11
 1918   0.30  -0.17  -0.19   1.44  -0.10  -0.30   0.79   0.10  -0.51  -0.28   0.18  -0.96  -0.57  -0.80  -0.54   0.52   0.05  -0.89  -0.21   0.46   3.80   2.24   2.39  -1.31  -1.00  -0.30  -0.01   0.32  -0.36  -0.61  -1.13   3.59   1.41  -0.37  -0.61   0.84  -0.33  -0.66  -0.40  -0.61   0.33  -0.68   2.72  -0.23   1.33   1.79  -0.10  -0.21   0.74  -0.16   1.17  -0.04
 1919   0.54  -0.15  -0.18  -0.19   1.25  -0.02   2.83   0.07   0.66   0.44   0.36  -0.34   0.10   0.98   1.94  -0.33  -0.20   0.48   0.23   0.94  -0.62   1.87   0.94  -0.92   1.69  -0.23  -0.09   0.99   0.24  -0.83   0.04   0.11   0.03  -0.44  -0.65   0.86  -0.67  -0.99   0.57   0.51   0.32   0.92  -0.01  -0.42   3.22   0.01  -0.17   1.06   0.03  -0.12  -0.15  -0.14
 1920  -0.02  -0.17  -0.16  -0.06   0.38  -0.16  -0.03   0.20   0.10   0.06   0.09  -0.13   0.92  -0.28   3.45   2.56   3.49  -0.04   1.50   0.04   0.89   3.08  -0.47   0.93   1.55   0.83  -0.02   0.77  -0.38   0.53  -0.28  -0.58  -0.02  -0.37   0.80   0.04  -0.87  -0.56   0.32  -0.51  -0.55   0.51  -0.18   2.37   0.48  -0.20  -0.30   0.60  -0.23  -0.19   2.19  -0.22
 1921  -0.12  -0.18  -0.16   0.34  -0.04   0.52  -0.06  -0.17  -0.47  -0.45  -0.55  -0.80  -0.02  -0.25  -0.67  -0.80  -0.27   1.43   0.46   0.09   1.11  -0.26   0.67  -1.24  -1.23  -1.26   1.59  -0.20   3.24  -0.19   0.17  -0.28  -0.37   0.07   0.74   1.47   0.10  -0.81  -0.01  -0.48  -0.62  -0.89   2.19   0.06  -0.16  -0.19   0.05  -0.24  -0.32   0.08   0.18  -0.33
 1922   0.19  -0.07   0.11  -0.26   2.06  -0.23  -0.29   0.91  -0.34  -0.05  -0.77  -0.52  -0.32  -0.85   3.28  -0.51  -0.57   0.29  -0.37  -0.64  -0.32   0.25   1.84  -1.08  -1.10  -0.11   0.04  -0.56  -0.08   2.93  -0.35  -0.80  -0.95   0.57  -0.77  -0.89  -0.86  -0.38  -1.08   0.37  -0.66  -0.83  -0.73   1.06  -0.53   2.63  -0.37  -0.36  -0.35   0.04  -0.31  -0.48
 1923   0.59  -0.29  -0.34   0.18  -0.24  -0.24  -0.40  -0.40   0.34  -0.71   0.44  -0.56  -0.55  -0.91  -0.16   1.28   1.21   1.10   0.68   0.36   0.55  -0.66   1.30  -0.75   1.28   0.21   1.15   0.43  -0.63  -0.69   4.67   4.94   1.40   0.48   2.97  -0.17  -0.17   4.35   3.17  -0.07   0.30  -0.10  -0.00   0.38  -0.08   0.76  -0.15  -0.05  -0.06  -0.05  -0.14   1.26
 1924   0.10   0.35  -0.00  -0.01   0.64  -0.00   1.06   0.85   0.46  -0.07   0.22  -0.12   1.84  -0.56  -0.64  -0.24   1.32  -0.30   0.79  -0.17   0.26  -0.48   0.42   1.28   0.22   2.84  -0.27   0.31   2.25  -0.14   1.59   1.47   0.13  -0.53   0.16  -0.30   1.42   0.39  -0.03  -0.22   0.37  -0.62  -0.37  -0.53  -0.17  -0.28  -0.30  -0.30   3.82  -0.13   0.21   0.02
 1925   0.31   0.04   0.06   1.18  -0.11  -0.02  -0.07   0.66  -0.17  -0.31   0.43  -0.68  -0.54  -0.42  -0.67   0.87   0.95  -0.04  -0.61   0.07  -0.91   0.47   0.06   0.65   0.39  -0.61  -0.02  -0.31  -0.67  -0.79  -0.56  -0.37  -0.71  -1.07  -0.87   0.88   0.03  -1.02  -0.12   0.37  -0.48  -0.56   0.19   0.04  -0.53  -0.41  -0.45  -0.38  -0.10  -0.02   0.46  -0.56
 1926  -0.32  -0.25  -0.41   0.21   0.85  -0.39  -0.36  -0.37  -0.68  -0.51  -0.70  -1.05  -0.68  -1.00  -0.85  -1.24  -1.06  -1.19   0.50  -0.53  -1.84  -1.90  -1.73  -0.34  -1.30  -1.79  -1.55  -1.09  -1.80   0.63  -0.94   0.51   1.53   1.69   0.16   2.27  -0.48   1.74  -0.48   0.81  -0.42  -0.71  -0.46  -0.52  -0.51   2.54  -0.09  -0.22   0.42   0.14  -0.32  -0.49
 1927  -0.28  -0.21  -0.26  -0.33   1.05   0.08   1.27   0.19  -0.36   2.09  -0.09   0.87   1.83   0.64   4.43   0.31  -0.53  -0.49   1.31   0.39   2.77   2.30  -0.52  -0.49  -0.46  -0.02  -0.63   1.90  -0.02  -0.54  -0.21   0.97   3.05  -0.03  -0.05   0.44  -1.02  -0.39   1.62  -0.11  -0.37  -0.58  -0.74   0.85  -0.31   0.02  -0.33  -0.32   0.51  -0.01  -0.25  -0.28
 1928  -0.21  -0.25  -0.28  -0.27  -0.22   3.14   0.39  -0.03  -0.31   1.52  -0.31  -0.80   1.09  -0.57  -0.31  -0.39  -0.48   1.81  -0.90   2.10  -0.15   0.07  -0.64   0.65  -0.33  -0.00   0.91  -0.39   2.23  -0.47  -0.76  -0.75  -0.78  -0.03   0.66  -0.82   0.89  -0.25  -0.65  -0.72   0.40   2.46  -0.15   2.56  -0.14   0.55  -0.25  -0.01  -0.18  -0.17  -0.08  -0.25
 1929   0.07   0.01   0.22   0.34   0.17   0.63   0.09   0.42   0.33  -0.27  -0.36  -0.62   0.63  -0.87   1.54  -0.37   3.11   0.16   0.06  -0.38  -0.77   6.63   0.19  -0.71  -0.55   2.46   0.87   1.32  -0.23   0.68   1.79  -0.27  -0.48  -0.38  -0.31   3.29  -0.35  -0.54   0.03   0.68   0.57  -0.46   0.64   1.26   0.24   0.12  -0.15   0.72   0.38  -0.09   0.07  -0.16
 1930  -0.09   1.51  -0.08  -0.08  -0.10  -0.15   0.19  -0.17  -0.02  -0.26  -0.23  -0.45  -0.04  -1.04  -0.43   1.69   0.12   0.03   5.25  -0.18  -0.68   1.46   0.70  -0.36  -0.75   0.08  -0.72  -0.64  -0.91  -1.12  -0.29  -1.00   1.23  -0.05   2.51   0.41  -0.43  -1.05   0.69   2.65  -0.46   1.49  -0.18  -0.40  -0.39   0.64   2.76  -0.21  -0.21   0.27   0.20  -0.25
 1931  -0.14  -0.09   0.42  -0.26  -0.26  -0.20   0.84  -0.15  -0.03  -0.30  -0.48  -0.40   0.88   0.15  -0.18   0.95  -0.37  -0.37   1.63  -0.39  -0.76  -0.77   0.33  -1.04  -0.89  -1.37   0.87  -0.48  -1.07  -1.32  -1.31  -0.99  -0.94  -0.58  -0.88  -1.35  -1.29  -0.06  -0.17  -0.42  -0.25  -1.06  -0.50  -0.29  -0.13   0.05   3.34   0.05  -0.29  -0.29  -0.41   0.89
 1932   1.04   0.33   1.11  -0.15   0.21  -0.17   1.45  -0.24  -0.04  -0.40  -0.50   0.07  -0.49  -0.98  -0.75  -0.50   0.28   4.23  -0.81  -0.54   2.04   0.86  -0.05   1.43  -0.78  -0.02   0.42  -0.47  -0.25  -0.67   0.61   1.63  -0.52  -0.90   0.41  -0.80   1.23  -0.20  -0.61  -0.23  -0.54  -0.31   0.71  -0.34  -0.23  -0.22  -0.39  -0.39  -0.28   0.77  -0.31  -0.48
 1933  -0.27  -0.31  -0.35  -0.33   1.09   0.24  -0.21  -0.40  -0.62  -0.07  -0.12   0.83   0.19  -0.78  -0.50  -0.83  -0.95   1.16   1.49  -0.76  -0.94  -0.50  -0.75  -1.73  -1.36  -0.42   0.13   6.14   0.87   0.18   1.04  -0.25  -0.70   0.50   0.12  -1.04   0.06  -0.76  -0.19  -0.63  -0.59  -0.76  -0.33  -0.79  -0.43  -0.41  -0.41   1.15  -0.39  -0.13  -0.32  -0.37
 1934   0.56  -0.32  -0.37  -0.37  -0.27  -0.39  -0.51   0.29  -0.09   0.19  -0.81  -0.44   1.30  -0.14  -0.77  -0.80  -0.97  -0.58  -1.37  -1.66  -1.71  -2.30   3.48  -0.03  -0.86  -1.04   0.54   0.70  -1.09  -1.09  -1.34  -0.23  -1.16  -0.92  -0.79   0.63   0.54  -0.39   1.98  -0.32  -0.78  -0.52  -0.60  -0.69  -0.77   0.89  -0.21   0.70   0.90  -0.28  -0.34  -0.52
 1935  -0.30   0.98   0.14  -0.12  -0.26  -0.35   0.44   0.76  -0.18  -0.50  -0.67  -1.11   0.11  -0.16   2.00  -0.69   2.86   0.35  -0.44   1.46  -0.05   0.97  -0.49  -1.20   1.80  -0.04  -0.19  -0.40   0.49  -0.30   1.58  -0.81  -0.60   2.23   0.94   0.28  -0.63  -1.13  -0.64  -0.40  -0.49  -0.46  -0.38  -0.42  -0.52  -0.26  -0.42   1.33  -0.09   0.57  -0.27   0.28
 1936   0.95  -0.06   2.64   1.42   0.81   1.17   2.05   0.10  -0.02   0.01  -0.27  -0.32   2.08   0.19  -0.72  -0.47  -0.48  -0.35   0.25  -0.28   1.05   1.13  -0.47  -1.31  -1.13  -1.28  -1.27  -1.27  -1.47  -1.49  -1.47  -1.59  -1.71  -0.82   0.99  -0.96   4.95  -0.85  -0.90  -0.69  -0.77  -0.75  -0.27  -0.06  -0.31  -0.44  -0.30  -0.48   0.04  -0.33  -0.22   1.65
 1937   1.89   0.12   0.69  -0.16   0.41   0.21  -0.09  -0.30  -0.43  -0.65  -0.41   1.68  -0.36  -0.34  -0.70  -0.42   1.72   1.24  -0.71  -0.30  -0.51   0.28  -0.28  -1.17   0.50  -0.20  -0.99  -0.83  -0.90  -0.21   0.32  -0.97   1.93   1.94   0.10  -1.01  -0.55  -1.19   0.60   2.43  -0.35   2.13  -0.19  -0.42  -0.31   0.29  -0.34  -0.23  -0.21   0.08   0.01  -0.32
 1938  -0.12   0.56   0.63  -0.13   0.12   1.04   2.01  -0.17  -0.16  -0.28   1.16  -0.73  -0.36   0.75  -0.33  -0.23  -0.19   0.35   0.11   1.81   0.03  -0.27  -0.59  -0.82  -0.94  -0.00   2.50  -0.33   0.02   0.34   1.00   0.14  -0.53  -0.98  -0.66   3.21   6.06  -0.42  -0.54  -0.41  -0.42  -0.55  -0.32   2.32   0.44  -0.16  -0.23  -0.17  -0.07  -0.12   0.03  -0.21
 1939   0.75   0.25   0.67   0.30   0.10   1.28   1.76   0.13   0.13   0.66  -0.09  -0.56   1.90   0.15  -0.22   1.02  -0.29  -0.49   0.31  -0.75   0.21  -0.19  -0.35  -0.49  -1.08   3.14   0.67  -0.34  -0.09  -0.57  -0.81   3.32  -0.40  -0.56  -0.62  -0.84  -1.25  -1.19  -0.46  -0.78  -0.17  -0.89  -0.47  -0.52  -0.68  -0.71  -0.49  -0.50  -0.73  -0.52  -0.33   0.16
 1940   0.74  -0.35  -0.22  -0.38   0.76   0.07  -0.28  -0.18  -0.57   1.02   0.82  -0.40   0.35  -0.18  -0.62   0.43   2.83  -0.47  -0.69  -0.64  -0.94   0.86   1.27  -1.20  -0.47  -0.89  -0.78  -0.09   0.31   0.13   0.22  -0.69  -0.97   0.09  -0.12  -0.96  -0.89  -1.14  -1.01   1.52  -0.55  -0.86   1.11  -0.63   1.62  -0.34   0.74  -0.11  -0.37   2.58  -0.27  -0.29
 1941   0.42  -0.25   1.37   1.59  -0.16  -0.20   0.39   3.73   0.30  -0.09  -0.17   0.20  -0.31   1.70   1.71   2.61  -0.43  -0.15  -0.79  -0.36  -0.38  -0.08  -0.45   0.12   0.61   0.99  -0.48   1.36  -0.65  -1.04  -1.13  -1.15   0.35  -0.83  -0.87   0.75   1.15  -0.73   1.01   1.49  -0.44  -0.32   0.73  -0.46  -0.20  -0.45  -0.06  -0.41  -0.27   0.11  -0.47   0.43
 1942   0.91  -0.30  -0.38  -0.46   0.15   0.41   0.05   1.43  -0.29  -0.67   0.02   0.91   0.57  -0.63  -0.66  -0.80  -0.18   2.24   1.89  -0.30  -0.50  -0.12  -0.63  -0.26   0.73   2.51   0.62  -0.28   1.38  -0.52   0.02  -0.02  -0.45  -0.82   1.38   1.48   0.81   0.32  -0.07   0.11  -0.51  -0.64   0.19  -0.26  -0.11  -0.41  -0.19   0.32  -0.22  -0.24  -0.12  -0.19
 1943   0.30  -0.15   0.20  -0.26   1.20   0.09  -0.04  -0.31  -0.42   1.16  -0.05   0.08  -0.70  -0.98   1.34  -0.63  -0.56  -0.67   0.26  -0.36  -0.76  -0.07  -0.32   1.69  -1.19  -0.13  -0.78  -0.30   0.60   0.10  -1.17  -1.08  -0.96  -0.16  -0.49  -0.72  -0.78  -0.81  -1.18  -0.63   0.36  -0.53   0.44   0.11   0.59  -0.38  -0.39  -0.46  -0.46  -0.23  -0.39  -0.60
 1944   0.41  -0.36  -0.46   1.80   0.12   1.38  -0.39   0.71   0.02  -0.57  -0.28  -0.24   0.18  -0.83  -0.20  -0.08   3.10   4.97   1.49  -0.30  -0.02  -0.36   0.84   1.52  -0.81  -0.17   4.68   2.08   0.21  -0.38   5.22  -0.23   0.97   3.63   1.12  -0.19   1.60   0.01  -0.24   0.77  -0.15  -0.23  -0.26  -0.25   0.40   0.41   0.56   0.29  -0.08   0.15   0.49   0.01
 1945  -0.04   0.35   1.00  -0.02   1.02  -0.00   0.06   1.33   0.85   0.22   0.29  -0.59  -0.47   0.50  -0.52   1.46  -0.06  -0.25   0.43   0.49   1.53   0.70   0.87   0.19  -0.79   0.75  -0.07   0.53  -0.25  -0.50   1.03  -0.40   2.01   0.26  -0.61  -0.86  -0.63  -0.28   0.51  -0.32  -0.60  -0.85  -0.44  -0.66  -0.36   0.14  -0.40   1.43  -0.34   0.05  -0.21   0.78
 1946  -0.22  -0.26  -0.29  -0.18   0.08   0.52  -0.24  -0.27  -0.58   0.46   0.92  -0.45  -0.71  -0.97   0.05  -1.01  -1.12   0.74  -0.09  -0.33  -0.17   0.01  -1.05  -1.25  -0.07  -0.84  -0.91  -0.51  -1.17  -0.83  -0.25  -0.68  -0.65  -0.62  -0.60   2.95  -0.30   0.31  -0.08   3.49   0.14  -0.21  -0.14  -0.28   3.57  -0.11  -0.21  -0.23  -0.26   0.04  -0.11   0.19
 1947  -0.16  -0.04   0.05   0.22   1.54  -0.11  -0.15   0.10  -0.21  -0.15  -0.03  -0.56  -0.08   1.68   0.30  -0.39  -0.15   0.15   0.15   0.17  -0.41   1.83   1.16   0.92   0.04   0.20   1.42  -0.16  -0.03  -0.68  -0.80  -0.97   0.03  -0.87   0.18  -1.08   1.30  -0.88  -0.70  -0.73   0.05  -0.86   0.41   2.42  -0.08   1.14   0.71  -0.22   1.48  -0.16  -0.20  -0.30
 1948  -0.17  -0.21  -0.22   0.01  -0.18   1.14  -0.03   0.29   1.32   0.16  -0.32  -0.73  -0.18   0.24  -0.70  -0.58  -0.11   0.54  -0.42  -0.97  -1.27  -0.86  -0.44   0.85   2.49  -0.25  -0.82   0.49  -0.36   1.92  -0.08   2.77   0.16  -0.88  -0.87  -0.45  -1.05  -0.97  -0.20   1.13  -0.45  -0.56  -0.58   0.31  -0.24   0.45   2.97  -0.28  -0.13  -0.18  -0.02   1.25
 1949   3.54   0.04   0.11   0.87  -0.06  -0.08  -0.10  -0.11  -0.17  -0.18  -0.14   0.79   4.39  -0.38   1.07  -0.17  -0.52  -0.42  -0.34  -0.18   2.53  -0.13  -0.43  -0.40  -0.75   1.53  -0.61   0.48   0.80   0.34  -0.60  -0.71   0.42  -0.76  -0.59   2.33   5.56  -0.43  -0.32   0.07   0.10   0.22  -0.20  -0.36  -0.41  -0.22  -0.18  -0.33  -0.17   0.42  -0.18  -0.21
 1950   0.16  -0.18  -0.05   0.25  -0.10  -0.21   1.98   0.07  -0.23   0.98  -0.13  -0.14   0.13  -0.37  -0.01  -0.41   0.45   0.92   0.62   1.99  -0.02   0.96  -0.61   1.17   3.92  -0.33   0.00   0.82   2.78  -0.06   0.24   1.08   0.16  -0.38  -0.31  -0.56  -0.17   0.81  -0.48   1.60  -0.24  -0.50  -0.38   0.16  -0.35  -0.26  -0.09  -0.30  -0.19  -0.21  -0.26  -0.39
 1951  -0.22  -0.26  -0.25  -0.27  -0.22   0.27  -0.35  -0.16   3.35   0.05   1.05  -0.13   0.56   0.62   0.28   1.31   2.65   1.39   0.76   0.87  -0.03   1.34  -0.35  -0.79   5.56   0.20   1.71   1.96  -0.06  -0.45  -0.48   1.02   5.89   1.58   1.27   2.64   1.95  -0.05   0.79   1.07   1.11   0.64   0.96   0.06   0.03   0.30   0.16   0.38   0.24   0.78   0.20   0.03
 1952   0.28   0.18   0.79   0.72  -0.06  -0.02   0.68   0.96   0.58   0.05   1.23   0.50  -0.10  -0.31   0.54   0.49  -0.39  -0.50   0.50   0.12   2.81  -0.37  -0.26  -1.33  -1.05  -0.25   0.97   0.28  -0.84  -0.95   1.02   0.96  -0.45   0.07   0.80  -0.90  -0.37  -0.56  -1.04  -0.48  -0.72  -0.66  -0.57  -0.79  -0.63  -0.53  -0.40   0.96  -0.42  -0.31   0.95  -0.10
 1953   0.03  -0.32   0.33  -0.32  -0.26   0.53   0.06   2.20  -0.06  -0.42  -0.19  -0.54  -0.19   0.66   1.90  -0.14   1.16   1.77   3.06   0.41   0.54  -0.12   2.10  -1.23  -0.89  -0.84  -0.09  -0.31  -0.83   2.22   1.25   2.50   0.63  -0.60  -0.59   1.23  -0.45  -0.84  -0.83  -0.60  -0.75  -0.78   0.19  -0.74  -0.48  -0.73   1.87  -0.36   2.89  -0.16  -0.24  -0.36
 1954  -0.21  -0.25  -0.27  -0.25  -0.22  -0.31  -0.41   3.22  -0.18  -0.34   0.62  -0.31   0.27  -0.15  -0.70   0.26   0.08   2.12  -0.60  -0.08   0.43   3.60  -0.53  -1.14   2.09   0.75  -0.30  -0.49  -0.65  -0.36   0.23   0.83   0.54   1.85  -0.43   1.17  -0.01  -0.65  -0.88   0.64   0.33  -0.44   1.41  -0.39  -0.44  -0.38  -0.38   0.54  -0.17  -0.24  -0.29  -0.45
 1955  -0.25  -0.25  -0.19   0.03   0.50  -0.20  -0.37   1.02  -0.46  -0.57  -0.73  -0.21  -0.52  -0.36  -0.96  -0.97   0.57  -1.20  -1.31  -1.34  -0.40  -1.34   0.49  -0.68   1.52  -0.09  -1.00  -0.21  -0.89  -1.39  -1.75  -1.24  -1.47  -1.62  -0.72  -1.18  -1.23  -1.04  -0.20  -0.39  -1.05  -1.01  -0.52  -0.77  -0.76  -0.49  -0.54  -0.50   1.87  -0.38  -0.46  -0.71
 1956  -0.23  -0.42  -0.17  -0.16   0.06  -0.51  -0.51  -0.50  -0.69  -0.83  -1.12  -1.18  -0.76  -0.43  -0.67  -1.05   0.20  -0.26   0.44  -1.17  -2.13  -0.70  -1.06  -2.35  -1.69  -1.11  -0.49   2.93  -0.11  -1.24   0.08  -0.25  -0.37  -1.25  -1.22  -1.00  -0.78  -1.19  -0.92  -1.03  -1.12  -1.16  -0.52  -0.07  -0.27  -0.19  -0.28  -0.58  -0.53   0.27  -0.44  -0.74
 1957  -0.42   0.12  -0.53  -0.49  -0.37  -0.57  -0.65  -0.01  -0.88  -1.19   2.83  -1.07  -0.82   0.77  -0.59  -0.81  -1.02  -0.62   1.72   1.94  -0.84  -0.87  -0.27   0.17  -0.72   0.43   1.25   1.17  -0.96  -0.71   0.22  -0.12  -0.96  -0.87   0.33  -0.28   0.42   0.97  -0.62   0.95  -0.06   0.23   0.06   0.73  -0.43   1.64  -0.35  -0.34  -0.31  -0.26  -0.28  -0.44
 1958  -0.26  -0.29  -0.10  -0.31  -0.00  -0.34  -0.10  -0.40   3.06   0.35  -0.48  -0.69  -0.50   2.57  -0.72  -0.31   1.88  -0.12  -0.69  -0.71  -1.09  -0.04  -0.85   0.09  -0.66  -1.14   1.90   0.73   0.18   1.34  -0.71  -0.57  -0.76  -0.82  -0.79  -0.87  -0.41  -1.21  -0.95  -0.85  -0.92  -1.13  -0.48  -0.88  -0.64   0.31  -0.49  -0.53  -0.20  -0.37  -0.44  -0.68
 1959  -0.22  -0.40  -0.03  -0.45  -0.34   0.41  -0.50   0.19  -0.63  -0.31  -0.15  -1.18   1.79  -1.19  -0.68   0.97  -0.92   1.71   0.26  -0.40   0.25   2.54  -0.93  -1.66  -0.87   1.73  -0.55  -0.65   0.22  -1.10   2.33  -0.21  -0.30  -0.02  -0.61  -0.85  -0.84   0.29  -0.36   0.52   0.49  -0.59   0.81   1.95   2.67   2.07  -0.14  -0.17  -0.17  -0.16  -0.16   1.66
 1960   0.81   0.66  -0.07  -0.07  -0.09   0.51  -0.10   0.11   0.20   1.05   1.27  -0.34   0.37   2.11  -0.28  -0.49   0.97   4.46  -0.64   2.61   1.44  -0.61  -0.00   0.61   0.31   0.27  -0.26   1.41  -0.25  -0.56  -0.77  -0.37   0.89   1.94   5.81   0.85  -0.25   0.19  -0.50  -0.37  -0.09  -0.43  -0.38   1.19  -0.26  -0.24  -0.30   1.80   0.47  -0.12  -0.12   0.09
 1961   0.69  -0.15  -0.09  -0.13   0.50  -0.12   0.56  -0.04   0.61   1.44  -0.13  -0.49  -0.29   0.22   0.56  -0.46  -0.22   0.76  -0.21   1.41  -0.51   0.21  -0.33   0.54  -0.86  -0.88  -0.48   1.39   0.31   0.88  -1.02  -0.44  -0.00  -0.18  -1.01  -0.30   0.62   0.18  -0.20  -0.56   0.18  -0.39  -0.49   0.15  -0.49   0.21  -0.36  -0.41  -0.12   0.39   0.50  -0.48
 1962  -0.27  -0.31  -0.22  -0.33  -0.36  -0.38   1.32   1.26   0.42   0.62   0.17   0.78  -0.11   0.21  -0.16  -0.65   0.73  -0.65  -0.20   2.02   2.00   1.18   4.18   2.25  -0.32  -0.22   0.31   1.33  -0.31   1.62   1.04   0.84  -0.49  -0.73   1.83   2.55   0.87  -0.38   0.33   0.56  -0.47  -0.50  -0.20  -0.36  -0.39  -0.31  -0.40  -0.43  -0.24  -0.15   0.22   0.04
 1963  -0.19   1.06  -0.22  -0.21  -0.14  -0.02  -0.28  -0.07   0.65  -0.30   0.16  -0.70  -0.82  -0.96  -0.37  -0.90   1.37   0.07  -0.39  -0.66  -1.07   4.44   0.32   1.14   0.69   0.48   3.66   0.05  -0.11   2.95   2.08   0.13   0.09  -0.58   0.82   0.32  -0.64   0.21  -0.41  -0.59  -0.66  -0.25  -0.60  -0.56  -0.61  -0.39  -0.25  -0.37  -0.17  -0.16  -0.27  -0.47
 1964  -0.27   0.72  -0.33  -0.30  -0.21  -0.34   0.03  -0.39   0.25  -0.58  -0.32   0.62  -0.47   0.78  -0.41  -0.70   1.80   0.22   1.33  -0.54  -0.70  -0.86  -1.07   1.46   0.47   0.03   1.70   0.58  -0.84  -0.41   2.22   1.01   0.30   2.66   1.16   2.52  -0.33   0.50  -0.42  -0.02  -0.40  -0.51  -0.32  -0.54  -0.53   0.66  -0.31  -0.09  -0.02  -0.19   0.20   0.17
 1965  -0.18  -0.22  -0.23  -0.12  -0.19   2.21  -0.22  -0.06  -0.26  -0.36   0.22  -0.40  -0.35   1.04  -0.24  -0.62   0.52  -0.20   0.02   0.43   2.64  -0.34   1.70  -0.61  -0.91   0.71   0.73   0.57  -0.39  -0.44  -0.45   0.05  -0.63   1.47  -0.18   1.21   0.10   3.08   3.30  -0.13  -0.23   0.26  -0.22  -0.35  -0.28   0.17  -0.25  -0.19  -0.20   0.45   0.24  -0.21
 1966  -0.12  -0.17   0.48  -0.14  -0.14   1.89  -0.14  -0.12   0.06  -0.01  -0.60   0.52  -0.44  -0.46  -0.57   0.93  -0.00  -0.51  -0.33  -0.69  -0.46   0.81   1.13  -1.02   1.49  -0.69   1.18  -0.52   0.35  -0.70  -0.41   1.33   2.93   0.52   0.19   0.82  -0.58  -0.45  -0.11  -0.49   1.86  -0.39  -0.21  -0.38  -0.13  -0.29  -0.35  -0.30   0.11  -0.22  -0.28   0.42
 1967   0.92  -0.17  -0.24  -0.23  -0.20  -0.26  -0.32  -0.31  -0.50  -0.63  -0.62  -0.89  -0.34  -0.47  -0.46  -0.70  -0.60  -0.70  -0.31  -0.96  -0.62   1.04   1.59   3.21   4.10   0.10  -0.37   0.22   0.74  -0.68  -0.52   0.80   0.06   0.85  -0.52  -0.71  -0.24  -0.95  -0.70  -0.11  -0.61  -0.73   0.34  -0.04  -0.47  -0.37  -0.41  -0.42  -0.12  -0.29   0.17  -0.52
 1968   0.35   0.11  -0.35  -0.18  -0.26  -0.37  -0.43  -0.40  -0.61  -0.88  -0.77  -1.04  -0.42   1.01  -0.63   0.56  -0.38  -0.65  -1.02  -1.10  -1.08  -1.16  -1.51  -1.87  -0.41  -0.66  -0.87  -1.15  -1.12  -0.94  -1.46   0.45  -0.48  -1.50   2.39   0.21   0.52   0.78  -0.66  -0.44  -0.06   7.57  -0.14  -0.34   0.35   0.20  -0.28  -0.04  -0.21   0.32   3.66  -0.13
 1969   0.76  -0.11   0.73   1.00  -0.07  -0.03   0.90   0.33   0.78  -0.07  -0.09   0.99  -0.18  -0.40  -0.80   0.05  -0.17  -0.22  -0.87   0.83   0.19  -0.81  -0.67   0.21   0.10   3.35   1.51   1.37   0.39   0.65   0.94  -0.31  -0.59  -0.08   1.17   0.17   0.36   0.36  -0.22   0.72   1.13   0.52  -0.11   1.38  -0.25  -0.06  -0.24  -0.19   0.10  -0.13  -0.16   1.00
 1970  -0.10  -0.15   0.02  -0.13  -0.13  -0.14  -0.12  -0.17   0.46   0.45  -0.27   0.35  -0.09  -0.58   1.26   1.50  -0.62  -0.15   1.36  -0.51  -0.18   1.75  -0.73   1.77  -0.12  -0.69  -0.54  -0.57  -0.48  -1.08   0.09  -0.70  -0.66  -0.66  -0.49  -1.17   0.38   0.19   0.20  -0.51   3.21  -0.48   0.68   0.58   1.37  -0.22   0.36  -0.25  -0.24   1.55  -0.11  -0.20
 1971   0.20  -0.07  -0.18  -0.17  -0.12  -0.19  -0.28   4.14   0.16  -0.18  -0.38   0.67  -0.05  -0.39  -0.83   0.36   0.01  -0.02  -0.27  -0.36  -0.34   0.18   3.77   3.11  -0.96  -0.70   0.58   0.93  -0.26  -0.68  -0.80  -0.86  -0.71  -1.09  -0.96  -0.97  -0.98  -0.08  -0.38  -0.41  -0.85  -1.00   1.50   2.31  -0.44   2.38  -0.33   0.66   0.15  -0.19  -0.24   0.70
 1972  -0.17  -0.22  -0.22   0.14  -0.18   1.00  -0.25  -0.23  -0.15  -0.50  -0.43  -0.62  -0.42  -0.57  -0.47   0.24   0.74   5.14   1.57  -0.51   1.65  -0.50   2.26   0.24  -0.53  -0.06   0.42  -0.35   3.29   0.20   0.43   0.14  -0.75  -0.00   0.88  -0.40  -0.87   0.44  -0.48   0.25  -0.58  -0.17  -0.02   2.05  -0.00  -0.22  -0.30  -0.27  -0.06  -0.19  -0.23   1.67
 1973  -0.15  -0.19   1.08   0.57  -0.14  -0.11   0.80  -0.15  -0.28   1.57   1.05   1.58   2.16  -0.21   2.12  -0.02  -0.27  -0.26  -0.62  -0.66   2.24   1.31  -0.46  -0.40   0.63  -0.50   0.40  -0.53   0.40   0.52  -0.91  -0.87  -1.04  -1.16  -0.56   2.09   0.17  -0.06   3.22  -0.23   0.34  -0.54  -0.22  -0.34  -0.42   0.28   1.49  -0.29  -0.23   0.21  -0.24   0.64
 1974  -0.03  -0.16  -0.24  -0.17  -0.19  -0.24  -0.35  -0.13  -0.67  -0.01  -0.55  -0.12  -0.61   0.72  -0.22  -0.79  -0.97  -0.94   0.45  -0.69  -0.99  -0.78   1.31  -1.19  -0.14  -1.26  -0.69  -1.15  -0.96  -1.20   0.95   0.43  -0.31  -1.01   0.30   0.08   0.23  -1.03  -1.01  -0.59  -0.93  -1.03  -0.14  -0.12  -0.56  -0.30  -0.47  -0.33  -0.51   0.37  -0.36  -0.67
 1975  -0.19   0.53   0.57  -0.31  -0.25  -0.19  -0.46  -0.52  -0.73  -0.74  -0.35  -0.31  -0.00   0.21  -0.03  -0.12  -0.63   0.49  -0.51  -1.27  -1.23  -0.91  -0.09  -0.45   1.98  -1.08  -1.24  -0.82  -1.14  -1.36  -0.70  -0.72   2.23   0.26  -0.89  -0.69  -0.98  -0.57  -0.21  -0.89  -1.01  -0.96   0.10  -1.03   1.34  -0.46   2.03   0.25  -0.38  -0.29  -0.34  -0.40
 1976   0.35  -0.32  -0.37  -0.34  -0.13  -0.38  -0.19  -0.36  -0.63  -0.04  -0.29  -1.16   0.68  -1.26  -0.87  -0.58   1.27  -0.73  -0.70  -1.30  -0.23  -1.37  -1.56  -2.03   0.55  -1.24  -1.23   0.12  -1.37   0.20  -1.07  -1.30   0.57  -1.43  -0.81  -0.73  -0.41  -1.18  -0.55  -0.79  -1.05  -0.41  -0.12  -0.73  -0.68  -0.48  -0.57  -0.55  -0.16  -0.42  -0.50  -0.73
 1977  -0.36  -0.43  -0.41  -0.46  -0.39  -0.59  -0.28   0.10   0.56  -0.71  -0.26  -0.39   0.49   0.04   0.44   1.57  -0.99  -0.28  -1.42  -0.97   0.97  -0.97  -1.46  -0.31  -0.67  -1.07  -1.39  -0.45   0.10  -0.45  -0.02   0.56  -0.96  -0.41   0.65   0.31  -1.02  -1.03   0.84   1.93  -0.09  -0.45   0.52  -0.59   1.25  -0.34  -0.39  -0.36  -0.24  -0.30   0.59   0.37
 1978  -0.26  -0.26  -0.20  -0.24   0.59   0.07   0.69  -0.08  -0.27  -0.60  -0.35  -0.88  -0.87  -0.06   0.11   0.53  -0.56   1.00   0.39  -0.64  -1.02   1.31  -0.86  -1.15  -0.73  -1.25   2.72  -0.19   5.17  -0.43  -0.06  -0.75   1.69  -0.70  -0.70  -1.06  -0.52  -0.69  -1.02  -0.45  -0.24  -0.86  -0.20  -0.91  -0.73   0.21  -0.37   0.09   1.17  -0.28  -0.25  -0.52
 1979  -0.29   0.14   0.24   1.36  -0.24  -0.32  -0.33   0.08   1.49  -0.52   0.52   3.04  -0.16  -0.07   0.73  -0.26   0.59  -0.39   4.53   0.52  -0.55   0.95   0.59  -0.08   0.39   0.65  -0.42  -0.41   0.72   0.33   3.50   0.13   2.01   1.14   0.45   0.84   1.53  -0.54   0.40  -0.33  -0.36  -0.26   0.03   3.78   1.03  -0.11   3.50   0.02  -0.01  -0.00   0.31   0.00
 1980  -0.00   0.33  -0.00  -0.01   0.35   0.09   0.16   0.02  -0.05   0.18  -0.20  -0.45   0.52   1.70  -0.13  -0.74  -0.57  -0.73   0.03   0.24  -0.93   0.13  -0.81  -0.66  -0.67  -0.98  -1.05  -1.17  -0.90  -0.85   0.50   4.88   0.43  -0.04   0.19  -0.98  -0.94   0.76  -0.68  -0.70  -0.80   0.18   1.35  -0.50  -0.52  -0.24  -0.41  -0.10  -0.24  -0.29  -0.20  -0.53
 1981  -0.30  -0.33  -0.39  -0.42   0.06   0.09  -0.55  -0.53  -0.30  -0.90  -1.11  -1.18   2.12  -1.08  -0.98  -1.35  -1.74  -0.06  -0.22  -0.61  -1.77  -0.55  -1.54  -0.34  -1.00  -1.20  -0.68  -1.56   0.41   3.00   0.66  -0.68  -0.33  -0.97   0.02  -0.81  -1.11  -1.16  -0.14  -0.58  -0.69  -0.25  -0.20  -0.07  -0.65  -0.83  -0.10   2.30  -0.45   0.48  -0.38  -0.50
 1982   0.07  -0.17  -0.37   1.81  -0.04  -0.32  -0.43  -0.45   0.02  -0.73  -0.06  -0.53  -0.74   0.23  -0.42  -0.63  -0.68  -0.52  -0.52   2.79   1.65   0.36  -0.70  -0.10  -0.67   0.81   0.22  -0.22   0.04  -0.50  -0.15  -0.77  -0.75  -0.89  -0.31  -0.33  -0.26  -0.88   1.04   0.87   1.96   1.50  -0.22  -0.34   3.22   0.05  -0.23   0.47   0.32  -0.11   0.09   3.46
 1983   0.00   1.68   0.02   0.15   0.63  -0.00   0.59  -0.04   0.63   0.84   2.04   0.81   1.07   0.39   2.58  -0.35  -0.12   0.88  -0.12   1.13  -0.59  -0.55  -0.55   1.75  -0.93   4.28  -0.37  -0.30  -0.31   0.40   0.03  -0.69  -0.91  -0.64  -0.98  -0.71  -0.14  -0.67   1.14   0.15  -0.10   0.45  -0.25  -0.34   0.46   0.54   0.95   0.74  -0.29  -0.22  -0.15  -0.35
 1984  -0.22   0.24  -0.28  -0.26  -0.04  -0.29   1.43  -0.28  -0.41   5.65  -0.09  -0.36  -0.23   2.11   1.78   0.98   1.69   1.47  -0.20  -0.27   0.58  -0.32   0.37   0.06   4.43  -0.39  -0.37   1.02  -0.24   0.16  -0.90  -0.80  -0.84  -0.11  -0.73  -0.22  -0.17  -0.95  -0.42   1.82   2.44   1.67  -0.10  -0.33   0.29  -0.23  -0.29  -0.25  -0.24   0.62  -0.20  -0.23
 1985  -0.17   0.04  -0.06  -0.20   1.20  -0.19  -0.24  -0.25   0.66  -0.49  -0.55  -0.03   2.43  -0.36  -0.87   3.51   1.00  -0.59   0.57  -0.27  -0.73  -0.48  -0.78  -0.98  -1.17   3.80  -0.31  -0.30  -0.42  -0.55  -0.14   1.96   0.95   1.60   0.74  -0.45   3.05   0.70   0.68   0.05   0.58  -0.18  -0.02  -0.28   0.08   0.38   0.04   0.30   0.12  -0.12  -0.09  -0.21
 1986   0.07  -0.17  -0.14   0.06   0.98   0.18  -0.17  -0.15  -0.32  -0.32   2.76  -0.47  -0.60   0.77   0.44   1.19   0.22   0.40   0.81   2.14   1.59  -0.58   1.08  -0.25  -0.67   2.03  -0.41   0.27   0.72   0.34  -0.69  -0.28   0.81   0.64  -0.42  -0.43   2.09   3.59  -0.30   2.91   0.43  -0.20   0.98  -0.10   0.15   0.05  -0.18  -0.10   0.47  -0.07  -0.09  -0.12
 1987   0.04  -0.12   0.13   0.09   0.13  -0.13  -0.14  -0.12  -0.16  -0.38   2.48   3.78   0.53  -0.39   0.57  -0.64  -0.81  -0.46  -1.28  -0.25   0.21  -0.53  -0.79   0.13   0.29   0.45  -0.34   0.86  -0.46   2.19  -0.58  -0.41   0.15   0.36  -0.62  -0.46   0.76   1.39  -0.61  -0.48  -0.63  -0.68   0.21  -0.54  -0.32   0.62  -0.39   0.65   1.98  -0.22  -0.27  -0.07
 1988  -0.22  -0.10   1.51  -0.14  -0.19   0.08  -0.22  -0.28  -0.44  -0.67  -0.53  -0.60  -0.71   0.79  -0.40   0.75   0.67  -0.26  -1.12  -0.77   1.62  -0.21  -1.03  -1.14  -1.76  -1.15   0.77   0.38  -0.68  -1.15   0.37  -0.53  -0.48   1.10  -0.57  -0.87   0.63   0.18   0.09  -0.29  -0.79  -0.76  -0.43  -0.79  -0.70   0.32  -0.06  -0.08  -0.46  -0.16  -0.45  -0.63
 1989   0.66  -0.36  -0.46  -0.23  -0.31  -0.25  -0.41   0.05   0.24  -0.89  -0.07  -1.05  -0.93  -1.00  -0.67  -1.17  -0.90  -0.71  -1.41  -0.58  -1.97  -1.54  -1.57  -1.81  -0.99  -0.39  -1.55   0.28  -1.09  -0.87  -1.31  -1.28  -0.55   0.63  -0.56   2.06  -0.36  -0.97  -1.13  -0.67  -1.01  -0.88  -0.98  -0.44  -0.76  -0.48  -0.57   0.10  -0.16   0.15  -0.47  -0.52
 1990  -0.41  -0.43   0.46  -0.24  -0.35  -0.48  -0.35  -0.60  -0.90   0.23  -0.97  -0.89  -0.72  -1.47  -0.60  -0.94   0.11  -0.94   1.21   2.74   0.31  -0.61  -0.98  -0.77  -0.98  -1.53  -1.25   0.73  -1.00  -0.57  -1.05  -0.74  -1.19   1.51  -0.02  -1.29  -1.27  -0.22  -1.11   0.44  -0.06   0.28  -0.27   0.23  -0.17  -0.49  -0.50  -0.31   0.56  -0.37  -0.42  -0.61
 1991  -0.08  -0.19  -0.47  -0.18  -0.20  -0.52  -0.01  -0.55  -0.78  -1.12  -0.38  -0.80   0.01  -1.89   1.83  -0.81   0.83   1.66  -0.44  -0.66  -1.37   3.63   0.72  -0.20   0.10  -0.61  -0.45  -0.68  -0.33  -0.79  -1.09   0.24  -0.62  -1.02  -1.13  -1.04   0.55  -0.54  -0.95   0.64  -0.70  -0.79  -0.52   2.03  -0.49   0.57  -0.40   1.79  -0.33   0.84  -0.27  -0.41
 1992   0.63   0.43  -0.26  -0.25  -0.37  -0.29   0.89   1.15  -0.60   4.08  -0.26  -0.54   0.41  -0.56  -0.61   1.61  -0.23  -0.61  -0.74   1.49  -0.54  -0.04   0.85  -0.09  -0.58   1.27   0.32   1.81   1.10   1.37   0.17   3.88   0.37   4.47   2.25   2.16   0.70  -0.38  -0.29   2.43   5.75  -0.04  -0.14   1.94   0.16  -0.02   0.47   0.08   0.08   2.25  -0.01   0.28
 1993   0.00   0.20   0.63  -0.01  -0.06   0.03   0.62   1.60  -0.05  -0.07  -0.10  -0.02   1.59   0.69   0.75   1.78  -0.36   0.46   1.13  -0.25  -0.09   4.46  -0.00  -0.32   2.23   0.16   2.77   2.53   1.56   1.75   0.09   0.05   3.75  -0.31   1.07   0.99   0.02   1.17  -0.22  -0.20   1.27  -0.16   0.16  -0.14  -0.12   2.19   0.80  -0.01  -0.01   0.69   0.02   0.13
 1994   0.11  -0.04  -0.00   1.75  -0.06   0.27  -0.03   1.71  -0.05  -0.09  -0.33  -0.53  -0.12  -0.32   1.31  -0.48   1.14  -0.13  -0.51  -0.30  -0.68  -0.30  -0.10  -0.43   2.39  -0.55   1.23   1.32   0.91  -0.50  -0.40   0.23  -0.60   1.10   0.27   1.42   0.51   1.25  -0.38   0.96  -0.35  -0.40  -0.37  -0.50  -0.49  -0.44   0.12   0.50   0.86   0.06  -0.22   0.08
 1995  -0.18  -0.22  -0.19   0.18  -0.19  -0.20  -0.29  -0.32  -0.35  -0.02  -0.12   2.35   2.38  -0.26   1.67   3.57   0.45   1.58   1.14  -0.39   1.23   3.11   0.14  -1.04   0.24  -0.57   0.89   0.03  -0.09  -0.82   0.34  -0.93  -0.59   4.39  -0.32  -0.50  -0.72   3.12  -0.22   3.40   0.10  -0.28   3.42   1.47  -0.06   0.42  -0.10   0.58   0.17  -0.01  -0.02  -0.01
 1996   0.37  -0.06   0.18   0.82  -0.06  -0.03  -0.05  -0.02  -0.07   0.03  -0.30   0.57  -0.18  -0.33   0.39  -0.32  -0.21   0.48   0.04  -0.23   0.08   1.92  -0.11  -0.11   0.36  -0.65  -0.48  -0.22   4.59   1.56   2.80   0.14  -0.25  -0.44   0.09   0.36  -0.52   0.50   1.90  -0.16  -0.30   1.17  -0.10   0.78  -0.16   4.98  -0.00   1.08   0.14   0.11   0.02   1.30
 1997   0.70   0.33   0.18   0.03   1.99   0.09  -0.01  -0.02  -0.05   0.09   0.39  -0.32  -0.47   0.09   0.73   0.14  -0.32   2.19  -0.44  -0.46   5.26  -0.09  -0.56  -0.01   0.04  -0.70   1.23   4.03   0.49   0.32  -0.66  -0.29   0.93  -0.32  -0.42   0.38  -0.21   3.93  -0.45  -0.45   4.32  -0.19   1.76   0.08  -0.08  -0.06  -0.16  -0.07   0.13   0.27   0.59  -0.05
 1998  -0.03   0.11   0.59   0.14  -0.06  -0.03   0.36  -0.06   0.85   1.36   0.12  -0.07   1.88   2.78   1.86  -0.25   1.06  -0.51   0.05   0.24  -0.74   1.40   1.03   0.84   1.01   0.45   1.49   1.35  -0.18  -0.50   1.80   0.38  -0.55   0.13  -0.60  -0.77  -0.97  -0.94   0.07   3.85  -0.36   0.68   0.25   2.77   2.69  -0.08  -0.17  -0.08  -0.11  -0.14  -0.10   0.49
 1999   0.66  -0.05  -0.08  -0.07  -0.13  -0.14   0.05   1.84  -0.16   0.72  -0.20  -0.43  -0.36   2.95   2.53   0.27  -0.06   0.82   0.38  -0.13   1.50   2.27   3.29   0.82   0.92   3.58   2.39  -0.13  10.70  -0.10  -0.53   0.02  -0.46  -0.51  -0.60  -0.31  -0.62  -0.82  -0.77   0.48  -0.64  -0.64  -0.42  -0.70  -0.85  -0.69  -0.13  -0.40  -0.41  -0.28  -0.37  -0.59
 2000  -0.32  -0.35  -0.42  -0.39  -0.20  -0.44   0.11   1.67  -0.80  -0.42  -0.49  -0.71  -0.84  -0.80  -0.80   0.63  -0.17  -1.02  -1.18   1.95  -0.03  -0.36  -0.74  -0.56   0.94   0.29  -0.51  -0.56  -0.85   0.06  -0.08  -0.89  -0.62   2.10  -0.35  -0.91  -1.01   0.37  -0.77  -0.04  -0.74  -0.95   0.61   1.91   4.09   0.40  -0.28  -0.09  -0.23  -0.13  -0.19  -0.31
 2001  -0.18   1.49  -0.14  -0.17   1.71  -0.11   0.10  -0.16  -0.25  -0.34  -0.19  -0.44  -0.07  -0.11   1.04   0.24   1.01   2.56  -0.46  -0.67   0.15   0.47  -0.31  -1.03  -1.02   1.15   2.62   1.55   0.70   0.29  -0.31  -0.68   0.68  -0.79   0.02   0.24   3.68  -0.56  -0.54  -0.44   2.08  -0.34  -0.15  -0.39  -0.58  -0.63   5.40   1.61  -0.09  -0.10  -0.08  -0.11
 2002  -0.06  -0.10  -0.08  -0.12   0.51   0.35  -0.20  -0.11   0.03  -0.20  -0.24  -0.47  -0.37  -0.53  -0.09   0.02   0.32  -0.26   1.90  -0.37  -0.45  -0.72  -0.58  -1.10  -0.13  -1.21  -1.03  -0.76  -1.25  -0.90  -0.07   2.39   0.26   0.27   0.13  -1.11   0.57  -0.92  -0.73   1.53   0.04  -0.21   0.72   0.22  -0.35  -0.34  -0.39  -0.14  -0.33  -0.33  -0.03  -0.51
 2003   0.01  -0.31   0.21  -0.21  -0.26  -0.37   0.32  -0.40   0.15  -0.71  -1.03  -1.00   1.13   0.21  -0.95   0.06  -0.34   2.02   0.33  -0.13 -99.00 -99.00 -99.00 -99.00 -99.00 -99.00 -99.00 -99.00 -99.00 -99.00 -99.00 -99.00 -99.00 -99.00 -99.00 -99.00 -99.00 -99.00 -99.00 -99.00 -99.00 -99.00 -99.00 -99.00 -99.00 -99.00 -99.00 -99.00 -99.00 -99.00 -99.00 -99.00
