1893 1 0.520500
1893 3 0.054980
1893 5 0.169832
1893 7 0.612121
1893 9 1.430277
1893 11 0.475938
1893 13 -0.667245
1893 15 0.912371
1893 17 3.691030
1893 19 -0.617359
1893 21 -0.570039
1893 23 -1.996648
1893 25 -1.741941
1893 27 0.336268
1893 29 0.118889
1893 31 -1.354248
1893 33 1.182086
1893 35 -0.912589
1893 37 -0.803301
1893 39 0.604118
1893 41 -0.804408
1893 43 -0.300768
1893 45 -0.410280
1893 47 1.305042
1893 49 -0.304532
1893 51 1.128568
1894 1 -0.023786
1894 3 0.142414
1894 5 -0.078572
1894 7 0.179544
1894 9 -0.506341
1894 11 -0.723707
1894 13 -0.562766
1894 15 1.710465
1894 17 1.251366
1894 19 -0.595870
1894 21 -0.652913
1894 23 -1.430193
1894 25 -1.550512
1894 27 -1.184943
1894 29 -1.715022
1894 31 -1.184938
1894 33 -0.297602
1894 35 -1.523329
1894 37 -1.391331
1894 39 0.650821
1894 41 -0.933352
1894 43 -0.247328
1894 45 -0.566158
1894 47 -0.584786
1894 49 0.501190
1894 51 -0.635888
1895 1 -0.376946
1895 3 0.174602
1895 5 -0.053929
1895 7 -0.535757
1895 9 -0.734341
1895 11 -1.067088
1895 13 0.916797
1895 15 -0.967908
1895 17 -0.560931
1895 19 -0.917273
1895 21 1.028795
1895 23 0.212369
1895 25 0.206591
1895 27 0.178412
1895 29 -0.058331
1895 31 1.395889
1895 33 -0.533159
1895 35 0.544334
1895 37 2.402975
1895 39 -0.406011
1895 41 -0.631394
1895 43 -0.395645
1895 45 -0.086041
1895 47 0.248233
1895 49 -0.259764
1895 51 -0.403645
1896 1 -0.247957
1896 3 -0.150771
1896 5 -0.126761
1896 7 -0.391496
1896 9 -0.138513
1896 11 -0.464041
1896 13 0.385340
1896 15 2.014170
1896 17 2.991711
1896 19 1.177863
1896 21 0.717766
1896 23 3.157611
1896 25 1.450903
1896 27 0.992606
1896 29 2.295870
1896 31 0.533281
1896 33 1.036768
1896 35 0.505639
1896 37 -0.170507
1896 39 0.137716
1896 41 0.949711
1896 43 1.499500
1896 45 1.546839
1896 47 2.190453
1896 49 0.048094
1896 51 0.169685
1897 1 1.970500
1897 3 0.494980
1897 5 0.089832
1897 7 0.282121
1897 9 1.000277
1897 11 1.035938
1897 13 3.308895
1897 15 0.330678
1897 17 -0.536837
1897 19 -0.334384
1897 21 1.275070
1897 23 -1.481921
1897 25 1.580301
1897 27 0.546576
1897 29 1.679007
1897 31 0.012223
1897 33 0.007627
1897 35 -0.736647
1897 37 -0.437521
1897 39 -1.193943
1897 41 0.857674
1897 43 -0.157705
1897 45 -0.070910
1897 47 0.665039
1897 49 1.614998
1897 51 0.262547
1898 1 -0.136334
1898 3 0.950346
1898 5 0.625234
1898 7 0.090365
1898 9 0.213765
1898 11 0.141913
1898 13 0.025972
1898 15 0.278279
1898 17 1.015086
1898 19 2.285493
1898 21 0.903283
1898 23 2.629324
1898 25 0.121268
1898 27 0.602748
1898 29 0.644858
1898 31 3.068373
1898 33 -0.364861
1898 35 -0.605920
1898 37 0.104724
1898 39 -0.745564
1898 41 1.522725
1898 43 -0.130328
1898 45 0.135412
1898 47 0.145003
1898 49 0.098256
1898 51 -0.222692
1899 1 0.182545
1899 3 0.272552
1899 5 0.066658
1899 7 0.173234
1899 9 0.741322
1899 11 0.852408
1899 13 -0.119887
1899 15 -0.659338
1899 17 2.306001
1899 19 0.497159
1899 21 2.281823
1899 23 0.151013
1899 25 4.000611
1899 27 0.949385
1899 29 -0.436376
1899 31 0.151661
1899 33 0.542562
1899 35 0.024681
1899 37 -0.936873
1899 39 -0.266308
1899 41 -0.516546
1899 43 0.077877
1899 45 -0.522932
1899 47 0.248966
1899 49 0.433124
1899 51 -0.030165
1900 1 0.078607
1900 3 -0.149115
1900 5 0.565242
1900 7 0.413356
1900 9 -0.072768
1900 11 0.061098
1900 13 0.519790
1900 15 1.591860
1900 17 1.381792
1900 19 0.045410
1900 21 1.801037
1900 23 -1.399695
1900 25 -1.173502
1900 27 4.335198
1900 29 2.162656
1900 31 -0.764058
1900 33 1.386770
1900 35 -0.425283
1900 37 3.057795
1900 39 -0.324346
1900 41 -0.092045
1900 43 0.815091
1900 45 -0.055745
1900 47 -0.041146
1900 49 -0.015898
1900 51 0.671150
1901 1 0.209737
1901 3 -0.071589
1901 5 0.912815
1901 7 -0.005885
1901 9 0.432468
1901 11 0.690557
1901 13 0.513800
1901 15 0.665070
1901 17 1.412853
1901 19 -0.657188
1901 21 -0.689237
1901 23 1.434079
1901 25 0.582392
1901 27 -0.711703
1901 29 -1.432348
1901 31 0.909848
1901 33 -1.270594
1901 35 3.074605
1901 37 4.476101
1901 39 1.677069
1901 41 0.533636
1901 43 1.590605
1901 45 0.045492
1901 47 -0.083489
1901 49 0.946796
1901 51 0.539685
1902 1 -0.029500
1902 3 1.194980
1902 5 0.669832
1902 7 0.062121
1902 9 0.828713
1902 11 -0.219208
1902 13 0.499762
1902 15 -0.372278
1902 17 1.196998
1902 19 0.458944
1902 21 -1.141815
1902 23 -0.719068
1902 25 1.018556
1902 27 1.948873
1902 29 0.422943
1902 31 0.029667
1902 33 2.605998
1902 35 0.005672
1902 37 3.935471
1902 39 -0.041008
1902 41 -0.315424
1902 43 0.191557
1902 45 0.020350
1902 47 -0.158823
1902 49 0.872013
1902 51 1.107687
1903 1 -0.029500
1903 3 -0.005020
1903 5 0.619832
1903 7 -0.037879
1903 9 0.460277
1903 11 -0.224062
1903 13 -0.428491
1903 15 -0.491057
1903 17 0.994102
1903 19 1.016350
1903 21 5.079086
1903 23 -0.963017
1903 25 1.508992
1903 27 2.430308
1903 29 0.736946
1903 31 2.916745
1903 33 1.037525
1903 35 1.092440
1903 37 0.228370
1903 39 1.340175
1903 41 0.403119
1903 43 0.111818
1903 45 -0.049811
1903 47 0.227234
1903 49 0.139298
1903 51 -0.034977
1904 1 0.151635
1904 3 0.229902
1904 5 0.218118
1904 7 0.442121
1904 9 0.002755
1904 11 -0.245915
1904 13 1.001049
1904 15 0.398271
1904 17 -0.489726
1904 19 1.942789
1904 21 2.242329
1904 23 -0.461318
1904 25 0.757116
1904 27 1.413719
1904 29 -0.259043
1904 31 1.246617
1904 33 2.369559
1904 35 0.192484
1904 37 -0.600550
1904 39 -0.158935
1904 41 3.417458
1904 43 -0.197097
1904 45 -0.096483
1904 47 -0.166546
1904 49 -0.060132
1904 51 -0.050258
1905 1 0.906974
1905 3 0.461286
1905 5 1.183374
1905 7 -0.037879
1905 9 -0.111735
1905 11 0.940715
1905 13 -0.671364
1905 15 -0.529615
1905 17 2.379704
1905 19 4.059428
1905 21 1.693528
1905 23 -0.843913
1905 25 2.884333
1905 27 2.350630
1905 29 -0.134257
1905 31 0.136863
1905 33 1.270990
1905 35 0.020726
1905 37 2.910761
1905 39 -0.063274
1905 41 0.724668
1905 43 0.356093
1905 45 1.149506
1905 47 2.399808
1905 49 -0.006140
1905 51 -0.010742
1906 1 0.420263
1906 3 0.194980
1906 5 -0.030168
1906 7 0.762121
1906 9 1.160277
1906 11 0.515938
1906 13 1.070236
1906 15 -0.161817
1906 17 1.080901
1906 19 -1.281610
1906 21 -0.246866
1906 23 -2.094136
1906 25 1.309187
1906 27 -0.075316
1906 29 -0.277245
1906 31 2.786809
1906 33 5.785976
1906 35 0.069316
1906 37 6.241416
1906 39 -0.158567
1906 41 1.410447
1906 43 2.773467
1906 45 0.166110
1906 47 -0.059547
1906 49 0.380000
1906 51 0.169685
1907 1 0.370500
1907 3 0.494980
1907 5 0.419832
1907 7 0.262121
1907 9 0.160277
1907 11 -0.854075
1907 13 -0.535993
1907 15 -0.233585
1907 17 -0.154243
1907 19 -0.228597
1907 21 1.695360
1907 23 3.011356
1907 25 -0.423906
1907 27 2.929699
1907 29 2.219709
1907 31 0.316648
1907 33 0.835156
1907 35 -0.265389
1907 37 0.208013
1907 39 0.262573
1907 41 -0.583903
1907 43 -0.335016
1907 45 -0.284874
1907 47 -0.361239
1907 49 0.187839
1907 51 0.396261
1908 1 -0.165422
1908 3 -0.189034
1908 5 0.162222
1908 7 0.602892
1908 9 -0.079257
1908 11 0.173841
1908 13 0.091721
1908 15 0.427758
1908 17 1.269791
1908 19 -0.058672
1908 21 0.947937
1908 23 3.348610
1908 25 -0.080990
1908 27 1.591393
1908 29 1.182381
1908 31 0.509485
1908 33 1.442226
1908 35 -0.518436
1908 37 -1.351679
1908 39 0.559638
1908 41 0.728770
1908 43 0.895900
1908 45 -0.162223
1908 47 1.719896
1908 49 0.230967
1908 51 0.077134
1909 1 0.065716
1909 3 0.378659
1909 5 1.183188
1909 7 0.612121
1909 9 0.510277
1909 11 -0.339479
1909 13 0.219326
1909 15 -0.071324
1909 17 0.273814
1909 19 -0.125219
1909 21 3.159335
1909 23 -0.038572
1909 25 2.388824
1909 27 2.583000
1909 29 -0.468829
1909 31 2.799903
1909 33 0.366270
1909 35 1.473570
1909 37 1.678716
1909 39 -0.495193
1909 41 0.540076
1909 43 0.103274
1909 45 1.630970
1909 47 1.245461
1909 49 0.650000
1909 51 0.089685
1910 1 0.570500
1910 3 0.094980
1910 5 -0.030168
1910 7 0.112121
1910 9 -0.251803
1910 11 -1.203351
1910 13 -1.142617
1910 15 -0.696920
1910 17 0.255414
1910 19 -0.903099
1910 21 -1.368345
1910 23 -0.472873
1910 25 -1.911927
1910 27 0.764018
1910 29 -0.879360
1910 31 -0.301173
1910 33 2.386773
1910 35 1.652631
1910 37 0.380459
1910 39 1.302258
1910 41 -0.613533
1910 43 -0.471045
1910 45 -0.380055
1910 47 -0.185703
1910 49 -0.024700
1910 51 -0.358870
1911 1 -0.048927
1911 3 -0.291622
1911 5 -0.135646
1911 7 0.009488
1911 9 -0.811467
1911 11 -1.327801
1911 13 0.041651
1911 15 -0.916431
1911 17 0.396386
1911 19 -1.652472
1911 21 -0.467836
1911 23 -1.505737
1911 25 -0.002038
1911 27 -0.103627
1911 29 -0.627052
1911 31 2.328022
1911 33 -0.212643
1911 35 0.361787
1911 37 -1.024359
1911 39 2.577722
1911 41 0.961187
1911 43 0.059066
1911 45 0.082027
1911 47 -0.186095
1911 49 -0.224956
1911 51 0.795810
1912 1 -0.010218
1912 3 0.038873
1912 5 0.415085
1912 7 -0.084131
1912 9 -0.053836
1912 11 0.894492
1912 13 -0.543977
1912 15 0.926047
1912 17 0.085624
1912 19 -0.233228
1912 21 -0.304401
1912 23 -0.385616
1912 25 -1.621093
1912 27 -0.889302
1912 29 1.551971
1912 31 -0.472967
1912 33 2.324699
1912 35 0.796388
1912 37 0.591205
1912 39 0.788423
1912 41 0.956956
1912 43 -0.319078
1912 45 -0.458138
1912 47 -0.360698
1912 49 0.162195
1912 51 -0.342568
1913 1 -0.144035
1913 3 -0.251185
1913 5 -0.221011
1913 7 1.002621
1913 9 -0.446440
1913 11 0.539979
1913 13 0.282787
1913 15 1.215740
1913 17 4.245710
1913 19 4.042332
1913 21 0.644863
1913 23 -1.621080
1913 25 1.049397
1913 27 0.356451
1913 29 0.391980
1913 31 0.027083
1913 33 -1.213042
1913 35 -1.324753
1913 37 -0.027995
1913 39 -0.627047
1913 41 -0.909441
1913 43 -0.316209
1913 45 -0.550095
1913 47 -0.337250
1913 49 -0.421150
1913 51 -0.412083
1914 1 -0.305661
1914 3 -0.030952
1914 5 -0.077062
1914 7 -0.229451
1914 9 -0.972300
1914 11 -1.030806
1914 13 -0.272936
1914 15 -1.068899
1914 17 0.733902
1914 19 0.128896
1914 21 -0.930943
1914 23 1.600845
1914 25 -0.632961
1914 27 -0.946149
1914 29 -1.773015
1914 31 1.494061
1914 33 -0.787985
1914 35 0.426948
1914 37 2.964626
1914 39 -0.260225
1914 41 -0.925463
1914 43 -0.772050
1914 45 -0.564253
1914 47 -0.568335
1914 49 0.327519
1914 51 -0.196731
1915 1 -0.288066
1915 3 -0.045071
1915 5 1.533898
1915 7 1.662790
1915 9 0.943986
1915 11 -0.491365
1915 13 0.076983
1915 15 -0.767366
1915 17 1.046133
1915 19 -0.159274
1915 21 4.973761
1915 23 1.063357
1915 25 3.750593
1915 27 4.202619
1915 29 2.109255
1915 31 0.614658
1915 33 0.041276
1915 35 0.059589
1915 37 1.727766
1915 39 3.096481
1915 41 0.542091
1915 43 -0.263075
1915 45 0.887259
1915 47 -0.076278
1915 49 0.639738
1915 51 0.089685
1916 1 0.470500
1916 3 0.714980
1916 5 0.219832
1916 7 -0.040806
1916 9 0.409393
1916 11 -0.140201
1916 13 -0.217420
1916 15 1.999145
1916 17 -0.424463
1916 19 1.119619
1916 21 1.904457
1916 23 -0.758716
1916 25 2.750074
1916 27 1.831254
1916 29 -0.295763
1916 31 1.409567
1916 33 -0.149494
1916 35 -0.053104
1916 37 0.510970
1916 39 1.020067
1916 41 -0.096859
1916 43 0.064868
1916 45 0.440415
1916 47 -0.303563
1916 49 0.115686
1916 51 0.231470
1917 1 -0.153595
1917 3 1.226979
1917 5 0.338661
1917 7 0.402182
1917 9 0.656380
1917 11 1.015442
1917 13 -0.153113
1917 15 1.976236
1917 17 1.244184
1917 19 -0.937840
1917 21 2.126922
1917 23 1.276981
1917 25 0.427635
1917 27 0.549535
1917 29 -0.210657
1917 31 1.669037
1917 33 -0.561979
1917 35 -0.580790
1917 37 -0.064090
1917 39 -0.302011
1917 41 -0.728224
1917 43 -0.102031
1917 45 -0.240980
1917 47 -0.143695
1917 49 0.559296
1917 51 -0.191363
1918 1 0.066592
1918 3 0.634618
1918 5 -0.162848
1918 7 0.496120
1918 9 -0.432604
1918 11 -0.723542
1918 13 -0.851319
1918 15 0.165281
1918 17 -0.536117
1918 19 0.372681
1918 21 4.768785
1918 23 0.774966
1918 25 -0.918369
1918 27 0.403357
1918 29 -0.558669
1918 31 1.927734
1918 33 0.372526
1918 35 0.289330
1918 37 -0.722875
1918 39 -0.593523
1918 41 -0.266834
1918 43 1.143522
1918 45 1.701995
1918 47 -0.147684
1918 49 0.178680
1918 51 0.572188
1919 1 0.180611
1919 3 -0.243510
1919 5 0.572568
1919 7 1.514970
1919 9 0.660277
1919 11 -0.180515
1919 13 0.598360
1919 15 0.967204
1919 17 0.150540
1919 19 0.830420
1919 21 0.700834
1919 23 -0.216275
1919 25 0.930700
1919 27 0.614869
1919 29 -0.450946
1919 31 0.182111
1919 33 -0.241770
1919 35 0.278789
1919 37 -1.154403
1919 39 0.624061
1919 41 0.871159
1919 43 -0.252348
1919 45 2.039832
1919 47 0.465044
1919 49 -0.028761
1919 51 -0.148327
1920 1 -0.081990
1920 3 -0.091158
1920 5 0.099497
1920 7 0.109598
1920 9 0.129287
1920 11 -0.091330
1920 13 0.408141
1920 15 4.126234
1920 17 2.228136
1920 19 0.998162
1920 21 2.899218
1920 23 0.048846
1920 25 1.726538
1920 27 0.413295
1920 29 0.063002
1920 31 -0.599409
1920 33 -0.248604
1920 35 0.568882
1920 37 -0.946119
1920 39 -0.139164
1920 41 -0.008238
1920 43 1.394931
1920 45 0.218937
1920 47 0.097904
1920 49 -0.230865
1920 51 0.938113
1921 1 -0.148697
1921 3 0.083609
1921 5 0.242817
1921 7 -0.121614
1921 9 -0.630538
1921 11 -1.083703
1921 13 -0.235704
1921 15 -1.035950
1921 17 0.848323
1921 19 0.289019
1921 21 0.448292
1921 23 -0.641591
1921 25 -2.132105
1921 27 0.864962
1921 29 1.780803
1921 31 -0.009426
1921 33 -0.202841
1921 35 1.519666
1921 37 -0.657383
1921 39 -0.264792
1921 41 -1.115132
1921 43 0.986452
1921 45 -0.199716
1921 47 -0.100503
1921 49 -0.228267
1921 51 -0.135005
1922 1 0.046217
1922 3 -0.092965
1922 5 0.802164
1922 7 0.302426
1922 9 -0.241259
1922 11 -0.994963
1922 13 -0.763078
1922 15 1.668371
1922 17 -0.239303
1922 19 -0.807371
1922 21 -0.102712
1922 23 0.511733
1922 25 -0.978055
1922 27 -0.351104
1922 29 2.075237
1922 31 -0.928153
1922 33 -0.287553
1922 35 -1.167220
1922 37 -0.841269
1922 39 -0.486243
1922 41 -1.058776
1922 43 0.326152
1922 45 0.956557
1922 47 -0.472305
1922 49 -0.180673
1922 51 -0.500580
1923 1 0.098205
1923 3 -0.102734
1923 5 -0.266788
1923 7 -0.457108
1923 9 -0.384693
1923 11 -0.195698
1923 13 -0.932137
1923 15 0.814728
1923 17 1.410203
1923 19 0.647600
1923 21 -0.420164
1923 23 0.335675
1923 25 0.989685
1923 27 0.988718
1923 29 -1.129393
1923 31 6.410525
1923 33 1.114604
1923 35 1.615753
1923 37 3.000850
1923 39 2.008201
1923 41 0.126539
1923 43 0.272300
1923 45 0.255364
1923 47 -0.094355
1923 49 -0.098704
1923 51 0.766982
1924 1 0.220500
1924 3 -0.005020
1924 5 0.329832
1924 7 1.012121
1924 9 0.210277
1924 11 0.015938
1924 13 0.803637
1924 15 -0.620151
1924 17 0.570205
1924 19 0.351284
1924 21 -0.264658
1924 23 1.414332
1924 25 2.529396
1924 27 -0.101842
1924 29 1.263741
1924 31 2.102037
1924 33 -0.363143
1924 35 -0.121469
1924 37 1.146841
1924 39 -0.238844
1924 41 -0.250899
1924 43 -0.574383
1924 45 -0.268508
1924 47 -0.332318
1924 49 1.760382
1924 51 0.115993
1925 1 0.159784
1925 3 0.610783
1925 5 -0.061507
1925 7 0.315515
1925 9 -0.256239
1925 11 -0.328221
1925 13 -0.729647
1925 15 0.148724
1925 17 0.557913
1925 19 -0.416495
1925 21 -0.445689
1925 23 0.570623
1925 25 -0.326101
1925 27 -0.191630
1925 29 -1.052468
1925 31 -0.638715
1925 33 -1.228925
1925 35 0.140574
1925 37 -0.758232
1925 39 0.278229
1925 41 -0.705167
1925 43 0.184603
1925 45 -0.554453
1925 47 -0.467187
1925 49 -0.051337
1925 51 -0.114772
1926 1 -0.270061
1926 3 -0.095771
1926 5 0.188591
1926 7 -0.393740
1926 9 -0.670699
1926 11 -1.239427
1926 13 -0.889990
1926 15 -1.379735
1926 17 -1.260072
1926 19 -0.068636
1926 21 -2.705585
1926 23 -1.441061
1926 25 -2.397651
1926 27 -1.795720
1926 29 -0.692358
1926 31 -0.337614
1926 33 1.868083
1926 35 1.710969
1926 37 0.921739
1926 39 0.189581
1926 41 -0.856960
1926 43 -0.526204
1926 45 1.021939
1926 47 -0.161284
1926 49 0.264108
1926 51 -0.477178
1927 1 -0.238797
1927 3 -0.303446
1927 5 0.547160
1927 7 0.763124
1927 9 1.277609
1927 11 0.660581
1927 13 1.476630
1927 15 3.139452
1927 17 -0.803813
1927 19 1.059978
1927 21 3.896574
1927 23 -1.212983
1927 25 -0.489003
1927 27 0.721657
1927 29 -0.486836
1927 31 0.558691
1927 33 1.838180
1927 35 0.363526
1927 37 -0.984591
1927 39 0.898113
1927 41 -0.683445
1927 43 0.148842
1927 45 -0.164692
1927 47 -0.382449
1927 49 0.218944
1927 51 -0.341103
1928 1 -0.244227
1928 3 -0.295721
1928 5 1.470844
1928 7 0.160650
1928 9 0.821920
1928 11 -0.978986
1928 13 0.215985
1928 15 -0.513997
1928 17 0.837896
1928 19 0.925242
1928 21 -0.315997
1928 23 -0.210243
1928 25 -0.364762
1928 27 0.375130
1928 29 0.956698
1928 31 -1.124227
1928 33 -0.567753
1928 35 -0.179299
1928 37 0.354547
1928 39 -0.888006
1928 41 1.954860
1928 43 1.640905
1928 45 0.127763
1928 47 -0.174467
1928 49 -0.164146
1928 51 -0.208863
1929 1 0.034387
1929 3 0.271170
1929 5 0.391123
1929 7 0.258707
1929 9 -0.029672
1929 11 -0.815637
1929 13 -0.292901
1929 15 0.664846
1929 17 2.104199
1929 19 -0.391776
1929 21 4.334879
1929 23 -0.764723
1929 25 1.693131
1929 27 1.352984
1929 29 0.215699
1929 31 0.913066
1929 33 -0.622903
1929 35 2.183492
1929 37 -0.650343
1929 39 0.415768
1929 41 -0.146404
1929 43 1.126146
1929 45 0.167685
1929 47 0.259473
1929 49 0.115445
1929 51 -0.096665
1930 1 0.670865
1930 3 -0.098062
1930 5 -0.144253
1930 7 -0.084222
1930 9 -0.184574
1930 11 -0.586926
1930 13 -0.749086
1930 15 0.959727
1930 17 -0.041663
1930 19 3.490299
1930 21 0.451823
1930 23 0.148606
1930 25 -0.600518
1930 27 -0.875438
1930 29 -1.494285
1930 31 -0.906815
1930 33 0.742174
1930 35 1.631006
1930 37 -1.013736
1930 39 1.942652
1930 41 0.790954
1930 43 -0.360358
1930 45 0.013927
1930 47 1.494427
1930 49 0.014921
1930 51 -0.058716
1931 1 -0.109735
1931 3 0.118663
1931 5 -0.259131
1931 7 0.341474
1931 9 -0.216040
1931 11 -0.644491
1931 13 0.761602
1931 15 0.510401
1931 17 -0.533665
1931 19 0.659735
1931 21 -1.368035
1931 23 -0.643831
1931 25 -1.977006
1931 27 0.319298
1931 29 -1.738276
1931 31 -1.599457
1931 33 -1.004935
1931 35 -1.497441
1931 37 -0.854570
1931 39 -0.313802
1931 41 -0.900125
1931 43 -0.374528
1931 45 -0.299253
1931 47 1.964958
1931 49 -0.290239
1931 51 0.302702
1932 1 0.616889
1932 3 0.448714
1932 5 -0.000320
1932 7 0.604087
1932 9 -0.253633
1932 11 -0.238359
1932 13 -1.046007
1932 15 -0.862672
1932 17 2.993880
1932 19 -1.154099
1932 21 2.129128
1932 23 0.866487
1932 25 -0.818752
1932 27 -0.033220
1932 29 -0.740154
1932 31 1.593433
1932 33 -1.041505
1932 35 -0.299156
1932 37 0.564656
1932 39 -0.523116
1932 41 -0.571140
1932 43 0.122814
1932 45 -0.209357
1932 47 -0.460377
1932 49 0.228433
1932 51 -0.458964
1933 1 -0.280983
1933 3 -0.345379
1933 5 0.618311
1933 7 -0.305550
1933 9 -0.293259
1933 11 0.750309
1933 13 -0.396324
1933 15 -0.919661
1933 17 0.312766
1933 19 0.281255
1933 21 -1.053084
1933 23 -2.203345
1933 25 -1.316215
1933 27 4.024122
1933 29 0.487365
1933 31 0.439682
1933 33 -0.125216
1933 35 -0.677319
1933 37 -0.482486
1933 39 -0.482283
1933 41 -0.952005
1933 43 -0.687971
1933 45 -0.463931
1933 47 0.319178
1933 49 -0.261635
1933 51 -0.372049
1934 1 0.092077
1934 3 -0.391154
1934 5 -0.336566
1934 7 -0.089567
1934 9 0.105973
1934 11 -0.810746
1934 13 0.803716
1934 15 -1.097734
1934 17 -0.955962
1934 19 -2.259154
1934 21 -2.981807
1934 23 3.373588
1934 25 -1.588150
1934 27 0.881721
1934 29 -1.600775
1934 31 -1.122700
1934 33 -1.413591
1934 35 0.027918
1934 37 -0.176514
1934 39 0.797820
1934 41 -0.779179
1934 43 -0.755464
1934 45 -0.043533
1934 47 0.212847
1934 49 0.268746
1934 51 -0.542386
1935 1 0.314986
1935 3 -0.021615
1935 5 -0.328479
1935 7 0.602355
1935 9 -0.506537
1935 11 -1.472089
1935 13 0.025124
1935 15 0.753407
1935 17 2.088426
1935 19 0.772980
1935 21 0.489788
1935 23 -1.772178
1935 25 1.113741
1935 27 -0.485447
1935 29 -0.047271
1935 31 0.321560
1935 33 1.160970
1935 35 0.431088
1935 37 -1.438331
1935 39 -0.613167
1935 41 -0.693715
1935 43 -0.428481
1935 45 -0.444164
1935 47 0.394011
1935 49 0.214858
1935 51 0.014927
1936 1 0.386472
1936 3 1.962149
1936 5 0.948390
1936 7 1.087584
1936 9 -0.050174
1936 11 -0.560558
1936 13 1.421237
1936 15 -0.911600
1936 17 -0.643977
1936 19 -0.162720
1936 21 1.541336
1936 23 -1.830612
1936 25 -2.057888
1936 27 -1.752841
1936 29 -2.156037
1936 31 -2.230070
1936 33 -1.768065
1936 35 -0.115558
1936 37 2.335662
1936 39 -0.674493
1936 41 -1.136574
1936 43 -0.154171
1936 45 -0.463320
1936 47 -0.493043
1936 49 -0.176755
1936 51 0.830892
1937 1 0.878063
1937 3 0.211844
1937 5 0.259140
1937 7 -0.255862
1937 9 -0.782272
1937 11 0.979321
1937 13 -0.451611
1937 15 -0.890580
1937 17 1.847050
1937 19 -0.903844
1937 21 -0.391596
1937 23 -1.345529
1937 25 0.175160
1937 27 -1.357212
1937 29 -0.824731
1937 31 -0.539280
1937 33 2.478645
1937 35 -0.714308
1937 37 -1.219851
1937 39 1.753342
1937 41 1.310083
1937 43 -0.427493
1937 45 -0.057057
1937 47 -0.322619
1937 49 -0.070203
1937 51 -0.205539
1938 1 0.208718
1938 3 0.231805
1938 5 0.576822
1938 7 0.936345
1938 9 -0.314345
1938 11 -0.081938
1938 13 0.251866
1938 15 -0.518236
1938 17 0.009272
1938 19 1.449344
1938 21 -0.445194
1938 23 -1.455958
1938 25 -0.722711
1938 27 1.430895
1938 29 0.225525
1938 31 0.794106
1938 33 -1.067334
1938 35 1.920311
1938 37 3.440351
1938 39 -0.699006
1938 41 -0.825467
1938 43 1.292857
1938 45 0.129641
1938 47 -0.263549
1938 49 -0.129072
1938 51 -0.175807
1939 1 0.424400
1939 3 0.428684
1939 5 0.654279
1939 7 0.924613
1939 9 0.422944
1939 11 -0.610278
1939 13 1.272861
1939 15 0.541198
1939 17 -0.720085
1939 19 -0.549905
1939 21 -0.121013
1939 23 -0.837205
1939 25 2.018840
1939 27 0.120154
1939 29 -0.579058
1939 31 1.801161
1939 33 -0.845555
1939 35 -1.077517
1939 37 -1.724594
1939 39 -0.800266
1939 41 -0.773011
1939 43 -0.549643
1939 45 -0.830924
1939 47 -0.575610
1939 49 -0.694310
1939 51 -0.088007
1940 1 0.143128
1940 3 -0.322067
1940 5 0.367107
1940 7 -0.258326
1940 9 0.381758
1940 11 0.178318
1940 13 0.077800
1940 15 -0.107789
1940 17 1.500169
1940 19 -1.060403
1940 21 -0.191878
1940 23 -0.108300
1940 25 -1.245028
1940 27 -0.689148
1940 29 0.222199
1940 31 -0.359941
1940 33 -0.592644
1940 35 -0.770196
1940 37 -1.396862
1940 39 0.311831
1940 41 -1.293773
1940 43 -0.005224
1940 45 0.870487
1940 47 0.380188
1940 49 1.031954
1940 51 -0.327980
1941 1 0.057894
1941 3 1.442843
1941 5 -0.186196
1941 7 2.132108
1941 9 0.065051
1941 11 0.030470
1941 13 0.834253
1941 15 2.951566
1941 17 -0.539879
1941 19 -0.969888
1941 21 -0.449068
1941 23 -0.283349
1941 25 1.263137
1941 27 0.446987
1941 29 -1.299865
1941 31 -1.645911
1941 33 -0.326289
1941 35 0.023788
1941 37 -0.030257
1941 39 1.456312
1941 41 -0.571566
1941 43 0.034918
1941 45 -0.386382
1941 47 -0.277118
1941 49 -0.067451
1941 51 0.115236
1942 1 0.264669
1942 3 -0.506203
1942 5 0.288852
1942 7 0.787533
1942 9 -0.548277
1942 11 0.722810
1942 13 0.038385
1942 15 -1.047675
1942 17 1.486592
1942 19 1.034042
1942 21 -0.659392
1942 23 -0.918581
1942 25 2.778883
1942 27 0.163404
1942 29 0.464368
1942 31 0.040909
1942 33 -0.879985
1942 35 1.937269
1942 37 0.677317
1942 39 -0.017235
1942 41 -0.807854
1942 43 -0.085184
1942 45 -0.370092
1942 47 0.109992
1942 49 -0.214664
1942 51 -0.167588
1943 1 0.069126
1943 3 -0.024966
1943 5 0.599822
1943 7 -0.156075
1943 9 0.621780
1943 11 0.125216
1943 13 -1.220764
1943 15 0.365616
1943 17 -0.808775
1943 19 -0.051196
1943 21 -0.606094
1943 23 1.356153
1943 25 -0.998220
1943 27 -0.718529
1943 29 0.553689
1943 31 -1.588869
1943 33 -0.702611
1943 35 -0.776642
1943 37 -1.055466
1943 39 -1.105171
1943 41 -0.237762
1943 43 0.273297
1943 45 0.219590
1943 47 -0.471228
1943 49 -0.319241
1943 51 -0.565936
1944 1 0.011906
1944 3 0.576578
1944 5 0.760950
1944 7 0.173505
1944 9 -0.364430
1944 11 -0.293009
1944 13 -0.299721
1944 15 -0.117452
1944 17 5.360804
1944 19 0.550387
1944 21 -0.395503
1944 23 2.120312
1944 25 -0.982407
1944 27 4.743275
1944 29 -0.346025
1944 31 3.300712
1944 33 3.234870
1944 35 0.464175
1944 37 1.017726
1944 39 0.274247
1944 41 -0.321182
1944 43 -0.364992
1944 45 0.387842
1944 47 0.487714
1944 49 0.032194
1944 51 0.253970
1945 1 0.151249
1945 3 0.473349
1945 5 0.467472
1945 7 0.722121
1945 9 0.610277
1945 11 -0.518711
1945 13 -0.088080
1945 15 0.667572
1945 17 -0.304463
1945 19 0.606832
1945 21 1.602980
1945 23 0.819802
1945 25 -0.104190
1945 27 0.281018
1945 29 -0.633684
1945 31 0.412982
1945 33 1.396492
1945 35 -1.033588
1945 37 -0.593106
1945 39 0.030213
1945 41 -1.034505
1945 43 -0.660715
1945 45 -0.143702
1945 47 0.494870
1945 49 -0.142427
1945 51 0.357331
1946 1 -0.238721
1946 3 -0.238267
1946 5 0.299468
1946 7 -0.277522
1946 9 0.049972
1946 11 0.063843
1946 13 -1.265459
1946 15 -0.769982
1946 17 -0.136597
1946 19 -0.406039
1946 21 -0.085329
1946 23 -2.074963
1946 25 -0.601786
1946 27 -0.968110
1946 29 -1.378265
1946 31 -0.603248
1946 33 -0.824253
1946 35 1.830369
1946 37 -0.025016
1946 39 2.011226
1946 41 -0.086816
1946 43 -0.306417
1946 45 2.143791
1946 47 -0.268204
1946 49 -0.194928
1946 51 0.020109
1947 1 -0.113471
1947 3 0.139882
1947 5 0.619463
1947 7 -0.044876
1947 9 -0.268566
1947 11 -0.488897
1947 13 1.022569
1947 15 -0.175128
1947 17 -0.110131
1947 19 0.100029
1947 21 0.974899
1947 23 1.523673
1947 25 -0.004058
1947 27 0.893620
1947 29 -0.609315
1947 31 -1.273949
1947 33 -0.593224
1947 35 -0.650925
1947 37 0.082835
1947 39 -0.906420
1947 41 -0.601554
1947 43 1.742754
1947 45 0.589574
1947 47 0.303809
1947 49 0.622121
1947 51 -0.296234
1948 1 -0.188300
1948 3 -0.110007
1948 5 0.490622
1948 7 0.134166
1948 9 0.766778
1948 11 -0.876258
1948 13 -0.006049
1948 15 -1.008329
1948 17 0.288728
1948 19 -1.161260
1948 21 -1.692297
1948 23 0.464571
1948 25 1.433132
1948 27 -0.243561
1948 29 1.119432
1948 31 1.709471
1948 33 -0.705463
1948 35 -0.908229
1948 37 -1.421562
1948 39 0.616521
1948 41 -0.777800
1948 43 -0.107409
1948 45 0.008879
1948 47 1.550167
1948 49 -0.176065
1948 51 0.697520
1949 1 1.580359
1949 3 0.447749
1949 5 -0.101274
1949 7 -0.150864
1949 9 -0.298738
1949 11 0.485977
1949 13 2.478769
1949 15 0.533962
1949 17 -0.770811
1949 19 -0.438445
1949 21 1.776851
1949 23 -0.940539
1949 25 0.740647
1949 27 -0.146431
1949 29 0.777712
1949 31 -0.939309
1949 33 -0.236460
1949 35 1.354128
1949 37 3.165339
1949 39 -0.177980
1949 41 0.165969
1949 43 -0.405553
1949 45 -0.500852
1949 47 -0.368645
1949 49 0.091437
1949 51 -0.259694
1950 1 -0.039012
1950 3 0.073861
1950 5 -0.176118
1950 7 1.024720
1950 9 0.478345
1950 11 -0.268589
1950 13 -0.259684
1950 15 -0.357472
1950 17 0.861762
1950 19 1.833880
1950 21 0.511657
1950 23 0.147838
1950 25 2.685558
1950 27 0.571417
1950 29 1.786462
1950 31 1.038198
1950 33 -0.089952
1950 35 -0.526396
1950 37 0.561116
1950 39 0.675943
1950 41 -0.629995
1950 43 -0.059229
1950 45 -0.336245
1950 47 -0.165522
1950 49 -0.165911
1950 51 -0.333766
1951 1 -0.209146
1951 3 -0.228228
1951 5 0.062418
1951 7 -0.213831
1951 9 1.833200
1951 11 0.600461
1951 13 0.796958
1951 15 1.134529
1951 17 2.567919
1951 19 1.050635
1951 21 0.799525
1951 23 -1.266327
1951 25 4.503525
1951 27 2.471252
1951 29 -0.595159
1951 31 0.393309
1951 33 4.946017
1951 35 2.594050
1951 37 1.226016
1951 39 1.100849
1951 41 1.167896
1951 43 0.510267
1951 45 0.171573
1951 47 0.290052
1951 49 0.490000
1951 51 0.119685
1952 1 0.220500
1952 3 0.744980
1952 5 -0.030168
1952 7 0.872121
1952 9 0.340277
1952 11 1.125938
1952 13 -0.318592
1952 15 0.651317
1952 17 -0.778298
1952 19 0.364427
1952 21 1.831842
1952 23 -1.609132
1952 25 -0.937731
1952 27 0.985459
1952 29 -1.251606
1952 31 1.399283
1952 33 -0.204156
1952 35 -0.089855
1952 37 -0.584320
1952 39 -0.890017
1952 41 -0.917658
1952 43 -0.779782
1952 45 -0.644955
1952 47 0.279811
1952 49 -0.347703
1952 51 0.433199
1953 1 -0.134434
1953 3 0.007693
1953 5 0.166623
1953 7 1.200402
1953 9 -0.291635
1953 11 -0.538104
1953 13 0.369261
1953 15 1.155268
1953 17 1.910682
1953 19 2.411372
1953 21 0.035665
1953 23 0.658014
1953 25 -1.393459
1953 27 -0.122492
1953 29 1.198727
1953 31 2.317279
1953 33 -0.141912
1953 35 0.595134
1953 37 -0.968787
1953 39 -0.882741
1953 41 -1.055055
1953 43 -0.400771
1953 45 -0.656451
1953 47 0.883636
1953 49 1.313836
1953 51 -0.332314
1954 1 -0.208339
1954 3 -0.247136
1954 5 -0.289114
1954 7 1.460775
1954 9 -0.300203
1954 11 0.202545
1954 13 0.236589
1954 15 -0.290906
1954 17 1.542430
1954 19 -0.575446
1954 21 3.091263
1954 23 -1.803912
1954 25 2.054953
1954 27 -0.643917
1954 29 -0.780166
1954 31 0.779014
1954 33 1.666814
1954 35 0.494292
1954 37 -0.559563
1954 39 -0.127729
1954 41 -0.263264
1954 43 0.411543
1954 45 -0.632111
1954 47 0.028244
1954 49 -0.202173
1954 51 -0.432012
1955 1 -0.243712
1955 3 -0.081054
1955 5 0.119898
1955 7 0.336010
1955 9 -0.642042
1955 11 -0.510435
1955 13 -0.467254
1955 15 -1.379378
1955 17 -0.473498
1955 19 -1.885435
1955 21 -1.152291
1955 23 0.120151
1955 25 0.994360
1955 27 -0.772360
1955 29 -1.668622
1955 31 -2.197493
1955 33 -2.186161
1955 35 -1.275347
1955 37 -1.550528
1955 39 -0.303203
1955 41 -1.435295
1955 43 -0.702564
1955 45 -0.607760
1955 47 -0.572487
1955 49 0.704065
1955 51 -0.677772
1956 1 -0.320208
1956 3 -0.162706
1956 5 -0.241208
1956 7 -0.540620
1956 9 -0.919520
1956 11 -1.459109
1956 13 -0.579452
1956 15 -1.052625
1956 17 0.271213
1956 19 -0.701592
1956 21 -1.834235
1956 23 -2.576598
1956 25 -1.952451
1956 27 1.575178
1956 29 -1.165586
1956 31 -0.087344
1956 33 -1.103653
1956 35 -1.476477
1956 37 -1.360407
1956 39 -1.177707
1956 41 -1.615024
1956 43 -0.259251
1956 45 -0.311230
1956 47 -0.481925
1956 49 -0.149713
1956 51 -0.709662
1957 1 -0.147530
1957 3 -0.529233
1957 5 -0.479162
1957 7 -0.349780
1957 9 -1.310274
1957 11 0.878067
1957 13 0.114663
1957 15 -0.937569
1957 17 -0.930199
1957 19 2.802804
1957 21 -1.410179
1957 23 0.040586
1957 25 -0.108067
1957 27 1.469854
1957 29 -1.253254
1957 31 0.068155
1957 33 -1.283747
1957 35 0.060695
1957 37 0.960170
1957 39 0.183556
1957 41 0.071454
1957 43 0.533282
1957 45 0.567615
1957 47 -0.413178
1957 49 -0.322783
1957 51 -0.387577
1958 1 -0.270026
1958 3 -0.210648
1958 5 -0.183695
1958 7 -0.263184
1958 9 1.803880
1958 11 -0.809260
1958 13 1.369248
1958 15 -0.792048
1958 17 1.069757
1958 19 -1.154933
1958 21 -0.971551
1958 23 -0.701777
1958 25 -1.543543
1958 27 1.668192
1958 29 1.101135
1958 31 -0.934454
1958 33 -1.089499
1958 35 -1.116467
1958 37 -1.117215
1958 39 -1.127968
1958 41 -1.458114
1958 43 -0.802732
1958 45 -0.212571
1958 47 -0.552037
1958 49 -0.278667
1958 51 -0.648961
1959 1 -0.304207
1959 3 -0.241043
1959 5 0.052866
1959 7 -0.161378
1959 9 -0.521583
1959 11 -0.991641
1959 13 0.342434
1959 15 0.368277
1959 17 0.608635
1959 19 -0.142204
1959 21 2.167104
1959 23 -2.531904
1959 25 1.007642
1959 27 -0.952588
1959 29 -0.700032
1959 31 1.138598
1959 33 -0.163071
1959 35 -1.008949
1959 37 -0.319895
1959 39 0.073639
1959 41 -0.322873
1959 43 1.536683
1959 45 2.737055
1959 47 -0.185009
1959 49 -0.235355
1959 51 0.884093
1960 1 0.668144
1960 3 -0.088729
1960 5 0.198134
1960 7 -0.023760
1960 9 0.760343
1960 11 0.469284
1960 13 1.572596
1960 15 -0.685463
1960 17 3.481634
1960 19 1.493032
1960 21 0.408168
1960 23 0.429104
1960 25 0.417219
1960 27 0.750990
1960 29 -0.561592
1960 31 -0.715508
1960 33 2.042354
1960 35 3.987426
1960 37 0.024695
1960 39 -0.561927
1960 41 -0.361361
1960 43 0.606600
1960 45 -0.340292
1960 47 0.719807
1960 49 0.174716
1960 51 0.001960
1961 1 0.238797
1961 3 -0.103354
1961 5 0.169374
1961 7 0.285824
1961 9 1.329295
1961 11 -0.546218
1961 13 -0.072783
1961 15 -0.034270
1961 17 0.335266
1961 19 0.918752
1961 21 -0.479832
1961 23 -0.051327
1961 25 -1.600543
1961 27 0.534502
1961 29 0.834529
1961 31 -1.027036
1961 33 -0.099208
1961 35 -0.822260
1961 37 0.524157
1961 39 -0.504357
1961 41 -0.206526
1961 43 -0.116317
1961 45 -0.182472
1961 47 -0.477009
1961 49 0.117841
1961 51 -0.070852
1962 1 -0.290500
1962 3 -0.288366
1962 5 -0.329676
1962 7 1.330590
1962 9 0.631313
1962 11 0.704178
1962 13 0.033446
1962 15 -0.646312
1962 17 -0.114317
1962 19 1.380464
1962 21 2.331851
1962 23 5.679175
1962 25 -0.666914
1962 27 1.077111
1962 29 0.913896
1962 31 1.147576
1962 33 -0.903542
1962 35 2.902025
1962 37 0.221792
1962 39 0.470168
1962 41 -0.726942
1962 43 -0.338231
1962 45 -0.426357
1962 47 -0.525189
1962 49 -0.187373
1962 51 0.133737
1963 1 0.422124
1963 3 -0.213555
1963 5 -0.078780
1963 7 -0.182600
1963 9 0.128111
1963 11 -0.519004
1963 13 -1.314119
1963 15 -0.882222
1963 17 0.881051
1963 19 -0.830098
1963 21 2.687141
1963 23 0.930878
1963 25 0.642458
1963 27 2.661129
1963 29 1.998909
1963 31 1.396220
1963 33 -0.353925
1963 35 0.770127
1963 37 -0.220762
1963 39 -0.658968
1963 41 -0.636551
1963 43 -0.666491
1963 45 -0.600266
1963 47 -0.360438
1963 49 -0.141303
1963 51 -0.420967
1964 1 0.232087
1964 3 -0.301633
1964 5 -0.256278
1964 7 -0.170650
1964 9 -0.224760
1964 11 0.448658
1964 13 0.389804
1964 15 -0.810062
1964 17 1.270969
1964 19 0.285980
1964 21 -1.198156
1964 23 0.332504
1964 25 0.111745
1964 27 1.478030
1964 29 -0.946451
1964 31 2.050957
1964 33 2.036165
1964 35 2.351427
1964 37 0.150138
1964 39 -0.305882
1964 41 -0.653710
1964 43 -0.550193
1964 45 -0.029041
1964 47 -0.226701
1964 49 -0.107939
1964 51 0.192891
1965 1 -0.195692
1965 3 -0.180014
1965 5 1.029363
1965 7 -0.156106
1965 9 -0.404634
1965 11 -0.196161
1965 13 0.531092
1965 15 -0.698953
1965 17 0.070943
1965 19 0.294068
1965 21 1.652313
1965 23 0.789702
1965 25 -0.121695
1965 27 0.960913
1965 29 -0.590113
1965 31 -0.213420
1965 33 0.678056
1965 35 0.663146
1965 37 2.104105
1965 39 2.058214
1965 41 0.048616
1965 43 -0.339628
1965 45 -0.112309
1965 47 -0.243338
1965 49 0.112924
1965 51 -0.009343
1966 1 -0.142648
1966 3 0.161798
1966 5 0.892967
1966 7 -0.141470
1966 9 0.020506
1966 11 -0.041343
1966 13 -0.669671
1966 15 0.293256
1966 17 -0.454055
1966 19 -0.863435
1966 21 0.195597
1966 23 -0.027024
1966 25 0.305508
1966 27 0.501302
1966 29 -0.324657
1966 31 0.692529
1966 33 2.026122
1966 35 0.732038
1966 37 -0.696290
1966 39 -0.378325
1966 41 0.843495
1966 43 -0.365233
1966 45 -0.232740
1966 47 -0.372195
1966 49 -0.060759
1966 51 0.104316
1967 1 0.320616
1967 3 -0.246857
1967 5 -0.237304
1967 7 -0.343236
1967 9 -0.741193
1967 11 -1.076262
1967 13 -0.612099
1967 15 -0.819714
1967 17 -0.679667
1967 19 -0.859730
1967 21 0.579483
1967 23 4.128659
1967 25 3.152832
1967 27 -0.123639
1967 29 -0.011473
1967 31 0.305036
1967 33 0.723680
1967 35 -0.784015
1967 37 -0.777836
1967 39 -0.479859
1967 41 -0.897084
1967 43 0.183134
1967 45 -0.502437
1967 47 -0.434885
1967 49 -0.183466
1967 51 -0.210362
1968 1 0.224698
1968 3 -0.249529
1968 5 -0.300589
1968 7 -0.416530
1968 9 -0.901129
1968 11 -1.205047
1968 13 0.464661
1968 15 0.051982
1968 17 -0.606278
1968 19 -1.373006
1968 21 -1.439172
1968 23 -2.742250
1968 25 -0.486033
1968 27 -1.271634
1968 29 -1.355514
1968 31 -0.642291
1968 33 -1.290707
1968 35 1.434975
1968 37 0.820761
1968 39 -0.667693
1968 41 5.453227
1968 43 -0.340781
1968 45 0.360802
1968 47 -0.199798
1968 49 0.052041
1968 51 1.736222
1969 1 0.287001
1969 3 0.848891
1969 5 -0.045555
1969 7 0.639438
1969 9 0.370277
1969 11 0.655938
1969 13 -0.342435
1969 15 -0.568418
1969 17 -0.344226
1969 19 0.022589
1969 21 -0.638520
1969 23 -0.481798
1969 25 3.039567
1969 27 1.827802
1969 29 0.610895
1969 31 0.383728
1969 33 -0.460731
1969 35 0.862602
1969 37 0.523523
1969 39 0.304554
1969 41 1.063244
1969 43 0.858600
1969 45 -0.260597
1969 47 -0.267521
1969 49 -0.013195
1969 51 0.517459
1970 1 -0.123947
1970 3 -0.052884
1970 5 -0.136100
1970 7 -0.154042
1970 9 0.539639
1970 11 0.097756
1970 13 -0.424429
1970 15 1.874092
1970 17 -0.631629
1970 19 0.331859
1970 21 1.046582
1970 23 0.557182
1970 25 -0.980219
1970 27 -0.775641
1970 29 -1.164603
1970 31 -0.436608
1970 33 -0.888316
1970 35 -1.131536
1970 37 0.397447
1970 39 -0.297050
1970 41 1.692808
1970 43 0.737340
1970 45 0.707414
1970 47 0.073627
1970 49 0.614948
1970 51 -0.183757
1971 1 0.052828
1971 3 -0.179894
1971 5 -0.159950
1971 7 2.020202
1971 9 -0.050761
1971 11 0.309976
1971 13 -0.387738
1971 15 -0.404486
1971 17 -0.065262
1971 19 -0.555253
1971 21 -0.166981
1971 23 6.011544
1971 25 -1.615696
1971 27 1.020570
1971 29 -0.736944
1971 31 -1.197819
1971 33 -1.289101
1971 35 -1.315296
1971 37 -0.675569
1971 39 -0.471103
1971 41 -1.313992
1971 43 2.260686
1971 45 0.916310
1971 47 0.148507
1971 49 -0.021141
1971 51 0.294305
1972 1 -0.191043
1972 3 -0.043720
1972 5 0.420577
1972 7 -0.260523
1972 9 -0.407619
1972 11 -0.824253
1972 13 -0.581093
1972 15 -0.122101
1972 17 3.930010
1972 19 0.478882
1972 21 0.822914
1972 23 2.086022
1972 25 -0.665394
1972 27 0.047731
1972 29 2.165539
1972 31 0.403516
1972 33 -0.517115
1972 35 0.279400
1972 37 -0.236466
1972 39 -0.180980
1972 41 -0.488571
1972 43 1.324304
1972 45 -0.103374
1972 47 -0.316655
1972 49 -0.119743
1972 51 0.883911
1973 1 -0.163298
1973 3 0.805391
1973 5 -0.120925
1973 7 0.340166
1973 9 0.893495
1973 11 1.713887
1973 13 1.159986
1973 15 1.315876
1973 17 -0.441990
1973 19 -1.044623
1973 21 2.654689
1973 23 -1.132451
1973 25 -0.109077
1973 27 -0.034641
1973 29 0.639740
1973 31 -1.266963
1973 33 -1.558025
1973 35 1.219338
1973 37 -0.173776
1973 39 1.609005
1973 41 -0.203670
1973 43 -0.205703
1973 45 -0.106199
1973 47 0.669446
1973 49 -0.051098
1973 51 0.204497
1974 1 -0.125420
1974 3 -0.273950
1974 5 -0.253426
1974 7 -0.288923
1974 9 -0.531186
1974 11 -0.441169
1974 13 0.002556
1974 15 -0.810096
1974 17 -1.308421
1974 19 -0.344665
1974 21 -1.394462
1974 23 0.173269
1974 25 -1.184495
1974 27 -1.354465
1974 29 -1.668145
1974 31 0.789503
1974 33 -0.952852
1974 35 0.305596
1974 37 -0.595604
1974 39 -0.984371
1974 41 -1.415158
1974 43 -0.126947
1974 45 -0.573133
1974 47 -0.457960
1974 49 -0.080570
1974 51 -0.626821
1975 1 0.157420
1975 3 0.102206
1975 5 -0.231001
1975 7 -0.543329
1975 9 -0.918662
1975 11 -0.374114
1975 13 0.322482
1975 15 -0.041465
1975 17 -0.080613
1975 19 -1.448969
1975 21 -1.485474
1975 23 -0.160501
1975 25 0.362937
1975 27 -1.391130
1975 29 -1.877159
1975 31 -1.035277
1975 33 1.355396
1975 35 -0.984596
1975 37 -1.060665
1975 39 -0.655707
1975 41 -1.420553
1975 43 -0.671197
1975 45 0.498928
1975 47 1.298510
1975 49 -0.343196
1975 51 -0.449977
1976 1 -0.015031
1976 3 -0.375884
1976 5 -0.277817
1976 7 -0.337241
1976 9 -0.379498
1976 11 -1.172076
1976 13 -0.470777
1976 15 -0.904426
1976 17 0.441049
1976 19 -1.392930
1976 21 -1.165072
1976 23 -3.049611
1976 25 -0.644969
1976 27 -0.823272
1976 29 -0.744259
1976 31 -1.708132
1976 33 -0.596480
1976 35 -1.006847
1976 37 -1.087760
1976 39 -0.769178
1976 41 -0.950962
1976 43 -0.615659
1976 45 -0.645680
1976 47 -0.600458
1976 49 -0.285548
1976 51 -0.716056
1977 1 -0.386975
1977 3 -0.444050
1977 5 -0.495490
1977 7 -0.083850
1977 9 -0.146022
1977 11 -0.403103
1977 13 0.415673
1977 15 1.345567
1977 17 -0.788372
1977 19 -1.681972
1977 21 0.007899
1977 23 -1.379457
1977 25 -1.308937
1977 27 -1.278430
1977 29 -0.146426
1977 31 0.457036
1977 33 -0.926686
1977 35 0.694716
1977 37 -1.397325
1977 39 1.704597
1977 41 -0.383762
1977 43 -0.161221
1977 45 0.578605
1977 47 -0.414807
1977 49 -0.262200
1977 51 0.517096
1978 1 -0.254010
1978 3 -0.224996
1978 5 0.302133
1978 7 0.313029
1978 9 -0.557841
1978 11 -0.896275
1978 13 -0.653617
1978 15 0.559309
1978 17 0.355472
1978 19 -0.344469
1978 21 0.259248
1978 23 -1.887250
1978 25 -1.605451
1978 27 1.639752
1978 29 2.941340
1978 31 -0.517887
1978 33 0.440176
1978 35 -1.272419
1978 37 -0.866535
1978 39 -0.935357
1978 41 -0.809255
1978 43 -0.735086
1978 45 -0.289927
1978 47 -0.182169
1978 49 0.401195
1978 51 -0.479633
1979 1 -0.086000
1979 3 0.769143
1979 5 -0.300553
1979 7 -0.156477
1979 9 0.341392
1979 11 2.585974
1979 13 -0.218591
1979 15 0.146503
1979 17 0.025579
1979 19 3.469985
1979 21 0.049676
1979 23 0.200742
1979 25 0.709509
1979 27 -0.595208
1979 29 0.672132
1979 31 2.272145
1979 33 2.103080
1979 35 0.849311
1979 37 0.549609
1979 39 0.048088
1979 41 -0.466510
1979 43 2.497098
1979 45 0.545917
1979 47 2.060054
1979 49 0.000000
1979 51 0.164662
1980 1 0.160500
1980 3 -0.005020
1980 5 0.209832
1980 7 0.092121
1980 9 0.080277
1980 11 -0.574195
1980 13 1.371453
1980 15 -0.784005
1980 17 -0.944850
1980 19 0.221608
1980 21 -0.747718
1980 23 -1.372919
1980 25 -1.351361
1980 27 -1.547809
1980 29 -1.230574
1980 31 3.854924
1980 33 0.128899
1980 35 -0.592568
1980 37 -0.064183
1980 39 -1.039505
1980 41 -0.403777
1980 43 0.191061
1980 45 -0.514418
1980 47 -0.309279
1980 49 -0.270260
1980 51 -0.455107
1981 1 -0.317881
1981 3 -0.395435
1981 5 0.065438
1981 7 -0.658354
1981 9 -0.800142
1981 11 -1.622325
1981 13 0.424395
1981 15 -1.553525
1981 17 -1.028481
1981 19 -0.577588
1981 21 -1.639245
1981 23 -1.379781
1981 25 -1.662422
1981 27 -1.522348
1981 29 2.645195
1981 31 -0.292389
1981 33 -0.876635
1981 35 -0.527023
1981 37 -1.567379
1981 39 -0.334849
1981 41 -0.619095
1981 43 -0.193649
1981 45 -0.970575
1981 47 1.115992
1981 49 0.007828
1981 51 -0.511863
1982 1 -0.053900
1982 3 0.707524
1982 5 -0.190862
1982 7 -0.498287
1982 9 -0.486183
1982 11 -0.436419
1982 13 -0.197489
1982 15 -0.706298
1982 17 -0.739944
1982 19 2.017822
1982 21 1.503269
1982 23 -0.868752
1982 25 0.217943
1982 27 -0.029574
1982 29 -0.390558
1982 31 -0.622485
1982 33 -1.143711
1982 35 -0.399840
1982 37 -0.777098
1982 39 1.080325
1982 41 2.386834
1982 43 -0.373185
1982 45 2.034728
1982 47 0.089269
1982 49 0.095448
1982 51 2.157503
1983 1 0.809779
1983 3 0.084980
1983 5 0.289832
1983 7 0.271225
1983 9 0.871089
1983 11 1.865816
1983 13 0.905729
1983 15 1.434278
1983 17 0.425647
1983 19 0.743809
1983 21 -1.146454
1983 23 0.903651
1983 25 2.928887
1983 27 -0.579386
1983 29 0.014262
1983 31 -0.480247
1983 33 -1.085319
1983 35 -1.134523
1983 37 -0.544399
1983 39 0.719275
1983 41 0.215706
1983 43 -0.368382
1983 45 0.625419
1983 47 0.932309
1983 49 -0.249708
1983 51 -0.298419
1984 1 0.013977
1984 3 -0.271538
1984 5 -0.158443
1984 7 0.591370
1984 9 3.654210
1984 11 -0.384062
1984 13 1.198741
1984 15 1.855645
1984 17 2.034335
1984 19 -0.546336
1984 21 0.045068
1984 23 0.201742
1984 25 2.989669
1984 27 0.436926
1984 29 0.040137
1984 31 -1.075868
1984 33 -0.550850
1984 35 -0.534091
1984 37 -0.716031
1984 39 0.920577
1984 41 2.817205
1984 43 -0.271402
1984 45 0.048813
1984 47 -0.284568
1984 49 0.190842
1984 51 -0.220300
1985 1 -0.041965
1985 3 -0.111091
1985 5 0.464044
1985 7 -0.239306
1985 9 0.009361
1985 11 -0.384021
1985 13 1.215527
1985 15 1.853899
1985 17 0.113635
1985 19 0.120718
1985 21 -1.048713
1985 23 -1.628414
1985 25 2.638755
1985 27 -0.495135
1985 29 -0.750052
1985 31 1.312759
1985 33 1.454763
1985 35 -0.090083
1985 37 2.363654
1985 39 0.465364
1985 41 0.215061
1985 43 -0.248449
1985 45 0.266088
1985 47 0.178494
1985 49 -0.007327
1985 51 -0.193656
1986 1 -0.056831
1986 3 -0.026453
1986 5 0.533687
1986 7 -0.178266
1986 9 -0.422726
1986 11 1.183273
1986 13 -0.084531
1986 15 1.096550
1986 17 0.247158
1986 19 2.132073
1986 21 0.608324
1986 23 0.612442
1986 25 1.221506
1986 27 -0.144267
1986 29 0.760674
1986 31 -0.612328
1986 33 1.067638
1986 35 -0.518538
1986 37 3.839741
1986 39 1.559974
1986 41 0.119211
1986 43 0.364204
1986 45 0.153007
1986 47 -0.173858
1986 49 0.209098
1986 51 -0.109128
1987 1 -0.029115
1987 3 0.130428
1987 5 -0.077959
1987 7 -0.122897
1987 9 -0.365172
1987 11 4.283198
1987 13 0.075729
1987 15 -0.236421
1987 17 -0.908914
1987 19 -1.103775
1987 21 -0.192479
1987 23 -0.508842
1987 25 0.751751
1987 27 0.328651
1987 29 1.331728
1987 31 -0.765662
1987 33 0.442863
1987 35 -0.666653
1987 37 1.487478
1987 39 -0.678354
1987 41 -0.884181
1987 43 -0.267233
1987 45 0.133514
1987 47 0.118272
1987 49 0.839542
1987 51 -0.161479
1988 1 -0.141978
1988 3 0.668584
1988 5 -0.038107
1988 7 -0.248966
1988 9 -0.720994
1988 11 -0.707833
1988 13 0.090072
1988 15 0.338462
1988 17 0.278523
1988 19 -1.345771
1988 21 1.055615
1988 23 -1.962472
1988 25 -2.323737
1988 27 0.859192
1988 29 -1.296035
1988 31 -0.104607
1988 33 0.542775
1988 35 -1.133988
1988 37 0.537930
1988 39 -0.110823
1988 41 -1.055698
1988 43 -0.707612
1988 45 -0.228577
1988 47 -0.078480
1988 49 -0.303895
1988 51 -0.600483
1989 1 0.112718
1989 3 -0.382112
1989 5 -0.277582
1989 7 -0.187510
1989 9 -0.486273
1989 11 -0.789204
1989 13 -1.243145
1989 15 -1.168464
1989 17 -0.815469
1989 19 -1.208920
1989 21 -2.456230
1989 23 -2.586507
1989 25 -0.710021
1989 27 -0.981904
1989 29 -1.269658
1989 31 -1.798442
1989 33 0.190233
1989 35 1.108865
1989 37 -1.093441
1989 39 -1.097789
1989 41 -1.332880
1989 43 -0.737609
1989 45 -0.737329
1989 47 -0.266674
1989 49 -0.015337
1989 51 -0.582508
1990 1 -0.416311
1990 3 0.091390
1990 5 -0.410850
1990 7 -0.515402
1990 9 -0.324170
1990 11 -1.255573
1990 13 -1.328828
1990 15 -0.974177
1990 17 -0.457149
1990 19 3.102931
1990 21 -0.301157
1990 23 -1.388153
1990 25 -2.036100
1990 27 -0.425128
1990 29 -1.066359
1990 31 -1.268467
1990 33 0.303356
1990 35 -1.259286
1990 37 -0.969215
1990 39 -0.389989
1990 41 0.013470
1990 43 -0.016218
1990 45 -0.354114
1990 47 -0.492498
1990 49 0.062347
1990 51 -0.605886
1991 1 -0.135785
1991 3 -0.331273
1991 5 -0.367787
1991 7 -0.293265
1991 9 -1.203118
1991 11 -0.817024
1991 13 -1.213359
1991 15 0.692339
1991 17 1.857075
1991 19 -0.878172
1991 21 1.869798
1991 23 0.287337
1991 25 -0.623549
1991 27 -0.801730
1991 29 -0.844399
1991 31 -0.595335
1991 33 -1.128799
1991 35 -1.478799
1991 37 -0.028555
1991 39 -0.161771
1991 41 -1.198447
1991 43 1.330833
1991 45 0.051729
1991 47 0.676966
1991 49 0.237667
1991 51 -0.401645
1992 1 0.492907
1992 3 -0.260882
1992 5 -0.302523
1992 7 1.068320
1992 9 2.428069
1992 11 -0.665596
1992 13 -0.165168
1992 15 0.757394
1992 17 -0.698246
1992 19 0.597482
1992 21 -0.595507
1992 23 0.548146
1992 25 0.621540
1992 27 1.321433
1992 29 1.640976
1992 31 2.797090
1992 33 3.311670
1992 35 2.896702
1992 37 0.135420
1992 39 1.231219
1992 41 3.900395
1992 43 1.176909
1992 45 0.072144
1992 47 0.330453
1992 49 1.100000
1992 51 0.159685
1993 1 0.100500
1993 3 0.304980
1993 5 -0.010168
1993 7 1.162121
1993 9 -0.089723
1993 11 -0.104062
1993 13 1.396217
1993 15 1.729181
1993 17 -0.046229
1993 19 0.448142
1993 21 3.288409
1993 23 -0.563172
1993 25 1.711485
1993 27 3.634534
1993 29 2.126208
1993 31 0.011085
1993 33 2.156495
1993 35 1.350969
1993 37 0.846510
1993 39 -0.367529
1993 41 0.654341
1993 43 -0.039842
1993 45 1.063250
1993 47 0.459295
1993 49 0.316248
1993 51 0.089685
1994 1 0.030500
1994 3 0.864980
1994 5 0.109832
1994 7 0.872121
1994 9 -0.101103
1994 11 -0.758535
1994 13 -0.319763
1994 15 0.380499
1994 17 0.623327
1994 19 -0.764317
1994 21 -0.884708
1994 23 -0.499617
1994 25 1.203509
1994 27 1.758363
1994 29 0.196123
1994 31 -0.088215
1994 33 0.393878
1994 35 1.174973
1994 37 1.117435
1994 39 0.212982
1994 41 -0.633609
1994 43 -0.517268
1994 45 -0.573603
1994 47 0.341694
1994 49 0.443873
1994 51 -0.060549
1995 1 -0.191759
1995 3 -0.004689
1995 5 -0.188460
1995 7 -0.309649
1995 9 -0.157418
1995 11 1.646893
1995 13 1.279654
1995 15 3.674171
1995 17 1.272720
1995 19 0.358932
1995 21 3.332425
1995 23 -1.080769
1995 25 -0.383603
1995 27 0.643277
1995 29 -0.708704
1995 31 -0.439038
1995 33 2.739986
1995 35 -0.641221
1995 37 1.717551
1995 39 1.868624
1995 41 -0.252045
1995 43 2.595039
1995 45 0.117612
1995 47 0.181617
1995 49 0.040364
1995 51 -0.079212
1996 1 0.102235
1996 3 0.452068
1996 5 -0.044522
1996 7 -0.085787
1996 9 -0.051358
1996 11 0.239702
1996 13 -0.344410
1996 15 -0.058991
1996 17 0.132233
1996 19 -0.327654
1996 21 1.513618
1996 23 -0.478284
1996 25 -0.526707
1996 27 -0.486848
1996 29 4.068675
1996 31 1.859515
1996 33 -0.542900
1996 35 0.301201
1996 37 0.022417
1996 39 0.992544
1996 41 0.623438
1996 43 0.439408
1996 45 2.504934
1996 47 0.541841
1996 49 0.120000
1996 51 0.789685
1997 1 0.480500
1997 3 0.104980
1997 5 0.979832
1997 7 -0.017879
1997 9 0.030267
1997 11 -0.043812
1997 13 -0.343216
1997 15 0.587067
1997 17 1.148168
1997 19 -0.821412
1997 21 4.201936
1997 23 -0.731658
1997 25 -0.639157
1997 27 3.431194
1997 29 0.431961
1997 31 -0.616153
1997 33 0.418331
1997 35 0.057418
1997 37 2.705415
1997 39 -0.675237
1997 41 2.634919
1997 43 0.884906
1997 45 -0.074792
1997 47 -0.147295
1997 49 0.187885
1997 51 0.253023
1998 1 0.041059
1998 3 0.350352
1998 5 -0.052089
1998 7 0.114667
1998 9 1.372383
1998 11 0.025938
1998 13 2.904155
1998 15 0.985270
1998 17 0.231606
1998 19 0.093286
1998 21 0.426065
1998 23 1.559778
1998 25 0.931086
1998 27 1.876477
1998 29 -0.610277
1998 31 1.411292
1998 33 -0.268336
1998 35 -0.925652
1998 37 -1.313147
1998 39 2.534028
1998 41 0.221296
1998 43 1.913709
1998 45 1.616060
1998 47 -0.275947
1998 49 -0.232087
1998 51 0.240284
1999 1 0.273313
1999 3 -0.063610
1999 5 -0.245215
1999 7 0.995933
1999 9 0.443674
1999 11 -0.538050
1999 13 1.543977
1999 15 1.827771
1999 17 0.383002
1999 19 -0.016715
1999 21 2.769500
1999 23 3.484860
1999 25 3.710593
1999 27 1.598412
1999 29 7.262382
1999 31 -0.244630
1999 33 -0.553034
1999 35 -0.477270
1999 37 -0.904741
1999 39 -0.113915
1999 41 -0.877927
1999 43 -0.633470
1999 45 -0.924805
1999 47 -0.323174
1999 49 -0.311933
1999 51 -0.497086
2000 1 -0.299854
2000 3 -0.371030
2000 5 -0.293659
2000 7 0.969329
2000 9 -0.679111
2000 11 -0.743262
2000 13 -0.924413
2000 15 0.068348
2000 17 -0.786537
2000 19 1.055333
2000 21 -0.285715
2000 23 -0.958822
2000 25 1.064561
2000 27 -0.686593
2000 29 -0.419176
2000 31 -0.625441
2000 33 1.173774
2000 35 -1.145224
2000 37 -0.349705
2000 39 -0.565697
2000 41 -1.161269
2000 43 1.487991
2000 45 2.780527
2000 47 -0.202801
2000 49 -0.170647
2000 51 -0.287599
2001 1 0.641328
2001 3 -0.157094
2001 5 0.723345
2001 7 -0.034385
2001 9 -0.365734
2001 11 -0.462247
2001 13 -0.111342
2001 15 0.803316
2001 17 2.188055
2001 19 -1.095362
2001 21 0.438971
2001 23 -1.352598
2001 25 0.229724
2001 27 2.711398
2001 29 0.524222
2001 31 -0.702782
2001 33 -0.115321
2001 35 0.212909
2001 37 1.863144
2001 39 -0.508038
2001 41 1.003874
2001 43 -0.410533
2001 45 -0.815630
2001 47 3.958651
2001 49 -0.199699
2001 51 -0.141196
2002 1 -0.092192
2002 3 -0.102908
2002 5 0.395990
2002 7 -0.206055
2002 9 -0.173407
2002 11 -0.575762
2002 13 -0.664772
2002 15 -0.179649
2002 17 -0.068246
2002 19 0.884987
2002 21 -1.173087
2002 23 -1.652266
2002 25 -1.221941
2002 27 -1.266023
2002 29 -1.585834
2002 31 1.683578
2002 33 0.158115
2002 35 -0.787364
2002 37 -0.339078
2002 39 0.512813
2002 41 -0.221414
2002 43 0.527017
2002 45 -0.463071
2002 47 -0.335949
2002 49 -0.328358
2002 51 -0.366402
2003 1 -0.175122
2003 3 -0.034377
2003 5 -0.339410
2003 7 -0.083760
2003 9 -0.480707
2003 11 -1.565091
2003 13 0.840204
2003 15 -0.572660
2003 17 1.077795
2003 19 0.059791
2003 21 -99.000000
2003 23 -99.000000
2003 25 -99.000000
2003 27 -99.000000
2003 29 -99.000000
2003 31 -99.000000
2003 33 -99.000000
2003 35 -99.000000
2003 37 -99.000000
2003 39 -99.000000
2003 41 -99.000000
2003 43 -99.000000
2003 45 -99.000000
2003 47 -99.000000
2003 49 -99.000000
2003 51 -99.000000
