 1893   0.24   0.26   0.32   0.55   1.01   1.11   0.86   1.10   2.23   2.01   1.80   1.34   0.92   0.98   0.98   0.61   0.93   0.66  -1.03  -0.82  -0.97  -1.02  -1.11  -0.62  -0.73   0.73
 1894   0.70   0.74   0.68   0.73   0.55  -0.31  -0.46   0.50   0.88   0.71   0.52  -0.53  -0.82  -1.08  -1.44  -1.66  -1.67  -1.97  -2.24  -1.96  -2.10  -2.09  -2.19  -2.29  -1.98  -2.10
 1895  -2.17  -2.02  -1.96  -2.06  -2.19  -2.36  -1.98  -2.15  -2.21  -2.33  -1.99  -1.87  -1.76  -1.64  -1.59  -1.18  -1.26  -1.07   1.38   1.21   1.02   0.86   0.80   0.87   0.72   0.56
 1896  -0.55  -0.59  -0.61  -0.71  -0.72  -0.81  -0.66   0.72   1.64   1.89   2.02   2.64   2.91   3.10   3.62   3.65   3.84   3.86   3.68   3.61   3.75   4.15   4.58   5.24   5.09   4.99
 1897   5.75   5.78   5.63   5.55   5.71   5.81   6.74   6.61   6.24   5.96   6.10   5.61   5.81   5.77   6.04   5.85   5.66   5.28   5.00   4.49   4.58   4.38   4.21   4.32   4.96   4.90
 1898   4.68   4.93   5.04   4.91   4.82   4.70   4.56   4.49   4.66   5.12   5.19   5.59   5.44   5.44   5.44   6.11   5.81   5.46   5.31   4.93   5.18   4.97   4.86   4.76   4.65   4.42
 1899   4.37   4.34   4.23   4.16   4.27   4.37   4.19   3.87   4.47   4.46   4.92   4.79   5.59   5.69   5.39   5.26   5.25   5.08   4.67   4.44   4.17   4.06   3.75   3.72   3.81   3.67
 1900   3.59   3.42   3.54   3.59   3.45   3.35   3.42   3.78   4.09   3.97   4.32   3.90   3.51   4.65   5.09   4.73   4.98   4.71   5.44   5.17   4.97   5.09   4.91   4.74   4.57   4.67
 1901   4.62   4.44   4.68   4.53   4.52   4.57   4.59   4.64   4.93   4.61   4.29   4.47   4.46   4.13   3.63   3.77   3.31   4.08   5.24   5.59   5.56   5.92   5.75   5.53   5.81   5.82
 1902   5.62   5.94   6.03   5.86   5.95   5.70   5.68   5.39   5.60   5.54   5.08   4.77   4.86   5.27   5.21   5.05   5.64   5.46   6.42   6.20   5.92   5.79   5.61   5.37   5.62   5.84
 1903   5.64   5.45   5.54   5.35   5.33   5.09   4.80   4.51   4.67   4.79   5.98   5.59   5.77   6.29   6.29   6.89   6.96   7.05   6.89   7.08   6.96   6.78   6.54   6.41   6.27   6.05
 1904   5.93   5.83   5.74   5.72   5.53   5.29   5.46   5.40   5.08   5.43   5.85   5.56   5.56   5.79   5.54   5.70   6.21   6.06   5.70   5.47   6.23   5.97   5.74   5.50   5.29   5.10
 1905   5.36   5.38   5.71   5.51   5.30   5.39   5.00   4.70   5.29   6.19   6.44   6.06   6.56   7.03   6.76   6.58   6.74   6.52   7.15   6.90   6.88   6.77   6.98   7.64   7.39   7.14
 1906   7.11   6.96   6.72   6.80   6.96   6.88   7.02   6.75   6.87   6.33   6.07   5.45   5.59   5.38   5.14   5.74   7.24   7.02   8.59   8.27   8.39   9.07   8.83   8.53   8.43   8.22
 1907   8.13   8.07   7.99   7.83   7.63   7.16   6.76   6.48   6.22   5.97   6.22   6.68   6.36   7.01   7.38   7.23   7.24   6.93   6.77   6.63   6.27   5.96   5.67   5.36   5.28   5.25
 1908   5.01   4.77   4.69   4.77   4.59   4.49   4.37   4.35   4.61   4.45   4.55   5.14   4.95   5.25   5.40   5.37   5.61   5.29   4.76   4.78   4.83   4.98   4.76   5.24   5.19   5.04
 1909   4.91   4.91   5.25   5.32   5.32   5.06   4.97   4.79   4.72   4.53   5.22   5.04   5.45   6.03   5.71   6.30   6.20   6.42   6.70   6.33   6.28   6.11   6.51   6.76   6.85   6.66
 1910   6.72   6.54   6.31   6.15   5.87   5.38   4.85   4.50   4.43   4.07   3.61   3.39   2.86   2.99   2.67   2.51   3.12   3.49   3.49   3.79   3.51   3.24   3.01   2.85   2.75   2.54
 1911   2.43   2.24   2.11   2.05   1.73   1.34   1.31   1.02   1.11   0.67   0.54  -1.63  -1.57  -1.54  -1.62  -0.97  -0.98  -0.85  -1.07   1.16   1.38   1.36   1.34   1.24   1.10   1.35
 1912   1.30   1.28   1.41   1.34   1.28   1.48   1.27   1.50   1.47   1.37   1.25   1.13   0.74  -0.70   0.42   0.29   0.96   1.15   1.28   1.49   1.71   1.55   1.34   1.18   1.22   1.06
 1913   0.97   0.84   0.72   1.09   0.92   1.04   1.10   1.42   2.71   3.69   3.74   3.29   3.44   3.43   3.42   3.32   2.89   2.45   2.36   2.10   1.80   1.64   1.41   1.25   1.02   0.85
 1914   0.69   0.65   0.60  -1.37  -1.59  -1.77  -1.78  -1.98  -1.69  -1.59  -1.74  -1.35  -1.43  -1.61  -1.96  -1.50  -1.64  -1.46  -0.62  -0.66  -0.85  -1.05  -1.18  -1.31  -1.12  -1.14
 1915  -1.21  -1.18  -0.53   1.29   1.56   1.39   1.37   1.12   1.41   1.33   2.60   2.75   3.56   4.66   5.08   5.09   4.94   4.79   5.13   5.94   5.90   5.62   5.77   5.55   5.68   5.53
 1916   5.57   5.69   5.60   5.40   5.37   5.16   4.92   5.35   5.05   5.18   5.52   5.19   5.68   6.03   5.76   5.96   5.72   5.52   5.49   5.63   5.43   5.27   5.26   4.99   4.88   4.81
 1917   4.59   4.96   4.94   4.93   4.99   5.11   4.90   5.32   5.54   5.13   5.53   5.62   5.54   5.52   5.29   5.58   5.25   4.92   4.75   4.50   4.17   4.01   3.79   3.62   3.78   3.59
 1918   3.50   3.66   3.48   3.55   3.31   3.01   2.65   2.61   2.37   2.40   3.58   3.63   3.31   3.32   3.07   3.51   3.50   3.47   3.16   2.89   2.73   3.03   3.56   3.39   3.37   3.47
 1919   3.44   3.24   3.37   3.85   3.94   3.77   3.85   4.01   3.92   4.02   4.07   3.90   3.99   4.04   3.80   3.72   3.54   3.50   3.08   3.18   3.31   3.13   3.78   3.82   3.69   3.52
 1920   3.37   3.22   3.16   3.10   3.04   2.92   2.96   4.08   4.65   4.76   5.37   5.21   5.45   5.40   5.24   4.92   4.69   4.70   4.30   4.12   3.98   4.33   4.27   4.17   3.93   4.14
 1921   3.95   3.85   3.83   3.66   3.35   2.96   2.80   2.42   2.61   2.60   2.64   2.42   1.87   2.06   2.48   2.40   2.27   2.63   2.37   2.21   1.86   2.14   2.00   1.90   1.74   1.64
 1922   1.61   1.52   1.81   1.87   1.73   1.42   1.14   1.59   1.47   1.23   1.16   1.24   0.98   0.85   1.39   1.11   1.00   0.66  -0.73  -0.83  -1.05  -0.90  -0.55  -0.67  -0.72  -0.85
 1923  -0.77  -0.78  -0.85  -0.96  -1.04  -1.04  -1.27  -1.00  -0.55   0.82   0.70   0.75   0.96   1.21   0.89   2.63   2.87   3.24   4.00   4.50   4.39   4.34   4.29   4.12   3.94   4.10
 1924   4.07   3.93   3.94   4.21   4.14   4.01   4.15   3.85   3.90   3.87   3.68   3.87   4.35   4.18   4.39   4.82   4.57   4.39   4.58   4.36   4.15   3.84   3.62   3.39   4.13   4.04
 1925   3.99   4.11   3.96   3.95   3.74   3.54   3.20   3.14   3.21   3.00   2.80   2.83   2.67   2.53   2.18   1.95   1.56   1.55   1.30   1.34   1.12   1.15   0.92   0.73   0.69   0.63
 1926  -1.16  -1.15  -1.03  -1.12  -1.27  -1.51  -1.71  -1.98  -2.24  -2.17  -2.70  -2.86  -3.24  -3.55  -3.58  -3.52  -2.88  -2.32  -1.99  -1.86  -1.99  -2.06  -1.64  -1.63  -1.45  -1.54
 1927  -1.57  -1.62  -1.35  -1.02  -0.59   1.68   2.12   2.98   2.65   2.84   3.78   3.42   3.20   3.30   3.07   3.13   3.56   3.55   3.17   3.35   3.07   3.02   2.87   2.64   2.66   2.46
 1928   2.28   2.09   2.64   2.62   2.81   2.47   2.46   2.24   2.43   2.60   2.44   2.31   2.16   2.20   2.39   2.02   1.81   1.70   1.75   1.43   1.92   2.43   2.39   2.26   2.11   1.97
 1929   1.92   1.98   2.08   2.11   2.03   1.76   1.61   1.75   2.36   2.19   3.26   3.00   3.31   3.60   3.54   3.68   3.39   3.90   3.60   3.62   3.46   3.74   3.68   3.65   3.59   3.44
 1930   3.65   3.49   3.32   3.18   3.02   2.77   2.45   2.65   2.56   3.39   3.40   3.33   3.08   2.75   2.29   1.98   2.14   2.53   2.18   2.72   2.85   2.64   2.56   3.03   2.94   2.83
 1931   2.69   2.65   2.46   2.51   2.37   2.13   2.31   2.39   2.16   2.26   1.85   1.66   1.17   1.23   0.75  -1.38  -1.58  -1.88  -2.02  -2.02  -2.15  -2.18  -2.19  -1.44  -1.50  -1.34
 1932  -1.02  -0.81  -0.78  -0.53  -0.58  -0.62  -0.89  -1.07   1.35   1.03   1.56   1.70   1.46   1.41   1.18   1.58   1.25   1.13   1.25   1.06   0.88   0.90   0.80   0.61   0.71   0.53
 1933  -0.62  -0.72   0.26   0.14   0.05   0.26  -0.11  -0.34  -0.23  -0.15  -0.38  -0.78  -1.01   1.17   1.26   1.34   1.27   1.05   0.88   0.72  -0.62  -0.80  -0.91  -0.77  -0.85  -0.93
 1934  -0.85  -0.96  -1.05  -1.04  -0.96  -1.12  -0.82  -1.07  -1.28  -1.74  -2.34  -1.57  -1.83  -1.53  -1.84  -2.03  -2.30  -2.21  -2.16  -1.85  -1.96  -2.10  -2.04  -1.89  -1.69  -1.80
 1935  -1.59  -1.54  -1.60  -1.32  -1.42  -1.71  -1.63  -1.37  -0.71   1.05   1.15   0.76   1.00   0.84   0.80   0.86   1.17   1.26   0.83   0.63  -0.64  -0.74  -0.85  -0.68  -0.56  -0.54
 1936   0.42   1.23   1.60   1.96   1.88   1.68   2.11   1.79   1.55   1.46   1.82   1.39   0.89  -1.16  -1.61  -2.07  -2.42  -2.36  -1.65  -1.76  -1.96  -1.93  -2.00  -2.08  -2.07  -1.71
 1937  -1.27  -1.14  -0.99  -1.04  -1.22  -0.92  -1.02  -1.20  -0.62  -0.80  -0.85  -1.07  -0.99  -1.28  -1.43  -1.50  -0.78  -0.92  -1.18  -0.63   1.05   0.88   0.84   0.70   0.64   0.55
 1938   0.63   0.71   0.93   1.26   1.13   1.07   1.12   0.94   0.92   1.27   1.12   0.79   0.61   1.00   1.03   1.22   0.89   1.41   2.36   2.08   1.80   2.19   2.17   2.01   1.88   1.76
 1939   1.90   2.02   2.24   2.52   2.58   2.34   2.69   2.76   2.47   2.25   2.15   1.91   2.33   2.29   2.07   2.50   2.20   1.84   1.32   1.05   0.82   0.62  -1.49  -1.62  -1.84  -1.80
 1940  -1.67  -1.72  -1.51  -1.54  -1.36  -1.26  -1.19  -1.17  -0.69  -0.90  -0.91  -0.90  -1.11  -1.24  -1.14  -1.18  -1.28  -1.42  -1.70  -1.55  -1.79  -1.72  -1.36  -1.18  -0.67  -0.75
 1941  -0.70   1.38   1.26   2.05   2.00   1.94   2.16   2.96   2.71   2.38   2.20   2.07   2.31   2.36   1.96   1.48   1.34   1.31   1.26   1.67   1.47   1.44   1.26   1.13   1.06   1.07
 1942   1.16   0.92   1.01   1.29   1.08   1.24   1.21   0.89   1.33   1.56   1.35   1.12   1.75   1.74   1.81   1.76   1.47   1.98   2.11   2.03   1.76   1.68   1.50   1.49   1.35   1.25
 1943   1.24   1.19   1.41   1.30   1.47   1.46   1.03   1.10   0.83   0.79   0.62   0.90   0.65  -0.61   0.15  -0.37  -0.53  -0.70  -0.93  -1.19  -1.20  -1.06  -0.95  -1.06  -1.15  -1.28
 1944  -1.23  -0.96  -0.62  -0.54  -0.62  -0.66  -0.72  -0.73   1.92   2.00   1.84   2.25   1.96   3.27   3.08   3.88   4.70   4.68   4.82   4.75   4.51   4.25   4.26   4.30   4.17   4.13
 1945   4.07   4.14   4.20   4.34   4.40   4.13   3.97   4.03   3.82   3.85   4.15   4.19   4.04   3.99   3.70   3.69   3.98   3.58   3.30   3.20   2.84   2.54   2.41   2.51   2.37   2.42
 1946   2.24   2.07   2.13   1.96   1.92   1.87   1.42   1.17   1.09   0.95   0.90  -1.32  -1.40  -1.58  -1.84  -1.91  -2.04  -1.48  -1.43  -0.79  -0.78  -0.84   1.69   1.54   1.40   1.36
 1947   1.27   1.29   1.51   1.44   1.32   1.15   1.46   1.36   1.28   1.27   1.49   1.77   1.71   1.92   1.70   1.32   1.12   0.91   0.91   0.62  -0.96   0.60   0.80   0.88   1.16   1.02
 1948   0.90   0.83   1.01   1.03   1.25   0.99   0.96   0.65   0.72  -0.59  -0.94  -0.81   0.44   0.36   0.66   1.11   0.88   0.61  -0.72   0.19  -0.18  -0.20   0.00   0.58  -0.07   0.25
 1949   0.99   1.15   1.07   0.98   0.86   0.97   1.77   1.87   1.59   1.43   1.85   1.60   1.73   1.63   1.79   1.50   1.38   1.73   2.58   2.45   2.41   2.21   1.97   1.78   1.76   1.62
 1950   1.55   1.53   1.41   1.76   1.86   1.74   1.60   1.45   1.67   2.10   2.17   2.13   2.71   2.79   3.18   3.36   3.23   2.99   3.05   3.17   2.90   2.79   2.59   2.45   2.29   2.11
 1951   1.95   1.79   1.76   1.63   2.19   2.28   2.48   2.73   3.45   3.62   3.71   3.34   4.31   4.89   4.58   4.54   5.83   6.38   6.53   6.66   6.76   6.72   6.56   6.46   6.49   6.32
 1952   6.22   6.33   6.11   6.25   6.16   6.27   5.97   5.97   5.55   5.46   5.77   5.26   4.88   5.01   4.53   4.77   4.56   4.39   4.09   3.70   3.35   3.00   2.68   2.70   2.45   2.53
 1953   2.39   2.32   2.31   2.70   2.52   2.30   2.35   2.62   3.13   3.67   3.56   3.59   3.16   3.03   3.25   3.79   3.63   3.68   3.30   2.94   2.58   2.37   2.07   2.33   2.89   2.68
 1954   2.51   2.33   2.14   2.63   2.46   2.43   2.43   2.28   2.69   2.46   3.20   2.73   3.14   2.86   2.58   2.71   3.10   3.14   2.89   2.76   2.61   2.66   2.36   2.30   2.13   1.92
 1955   1.75   1.66   1.66   1.73   1.48   1.30   1.11   0.71   0.55  -1.48  -1.68  -1.59  -1.31  -1.45  -1.78  -2.22  -2.68  -2.88  -3.15  -3.11  -3.33  -3.40  -3.46  -3.51  -3.06  -3.15
 1956  -3.16  -3.10  -3.06  -3.12  -3.26  -3.48  -3.51  -3.64  -3.42  -3.45  -3.73  -4.06  -4.30  -3.72  -3.84  -3.72  -3.85  -4.06  -4.23  -4.38  -4.59  -4.49  -4.42  -4.40  -4.29  -4.35
 1957  -4.24  -4.27  -4.28  -4.23  -4.43  -4.04  -3.85  -3.94  -4.03  -3.20  -3.39  -3.25  -3.15  -2.64  -2.82  -2.70  -2.91  -2.78  -2.42  -2.28  -2.17  -1.92  -1.65  -1.72  -1.79  -1.84
 1958  -1.87  -1.88  -1.87  -1.89  -1.26  -1.40  -0.92  -1.08  -0.73  -0.96  -1.14  -1.23  -1.50  -0.99  -0.68  -0.87  -1.11  -1.33  -1.56  -1.80  -2.07  -2.22  -2.20  -2.29  -2.32  -2.43
 1959  -2.46  -2.45  -2.34  -2.30  -2.36  -2.50  -2.30  -2.11  -1.85  -1.81  -1.22  -1.64  -1.35  -1.53  -1.64  -1.28  -1.27  -1.47  -1.49  -1.41  -1.43  -0.89   1.52   1.41   1.25   1.54
 1960   1.80   1.71   1.74   1.67   1.87   1.94   2.41   2.14   3.17   3.46   3.46   3.44   3.43   3.53   3.28   2.99   3.49   4.51   4.37   4.07   3.85   3.93   3.69   3.83   3.79   3.67
 1961   3.66   3.50   3.46   3.46   3.79   3.53   3.39   3.27   3.27   3.41   3.18   3.07   2.61   2.68   2.82   2.47   2.36   2.07   2.15   1.94   1.82   1.73   1.61   1.39   1.41   1.34
 1962   1.17   1.02   0.86   1.34   1.51   1.66   1.61   1.39   1.31   1.63   2.19   3.36   3.10   3.32   3.46   3.66   3.30   4.02   3.96   3.97   3.66   3.44   3.18   2.90   2.72   2.68
 1963   2.79   2.62   2.50   2.36   2.32   2.11   1.64   1.35   1.58   1.33   2.00   2.13   2.22   2.92   3.37   3.64   3.43   3.54   3.36   3.06   2.80   2.50   2.22   2.02   1.89   1.69
 1964   1.75   1.57   1.42   1.31   1.20   1.29   1.38   1.11   1.48   1.50   1.16   1.20   1.19   1.58   1.29   1.81   2.35   2.94   2.89   2.71   2.45   2.20   2.12   1.97   1.86   1.87
 1965   1.73   1.60   1.98   1.86   1.68   1.57   1.70   1.46   1.43   1.46   1.85   1.97   1.87   2.09   1.88   1.76   1.90   2.03   2.57   3.14   3.05   2.84   2.71   2.54   2.51   2.43
 1966   2.29   2.28   2.58   2.45   2.38   2.29   2.01   2.03   1.83   1.56   1.56   1.51   1.53   1.63   1.49   1.63   2.17   2.31   2.05   1.87   2.04   1.86   1.72   1.54   1.46   1.45
 1967   1.56   1.41   1.27   1.11   0.85   0.54  -0.95  -1.12  -1.26  -1.40  -1.21   1.05   1.77   1.68   1.62   1.65   1.81   1.55   1.29   1.11   0.85   0.88   0.68  -0.83  -0.87  -0.90
 1968  -0.77  -0.83  -0.91  -1.01  -1.22  -1.46  -1.26  -1.20  -1.31  -1.57  -1.83  -2.27  -2.28  -2.50  -2.72  -2.77  -2.98  -2.49  -2.17  -2.27  -0.80  -0.87  -0.72  -0.75  -0.70   2.23
 1969   2.30   2.58   2.48   2.65   2.68   2.78   2.58   2.34   2.17   2.10   1.88   1.72   2.40   2.85   2.92   2.93   2.71   2.87   2.93   2.93   3.13   3.32   3.12   2.93   2.83   2.93
 1970   2.78   2.67   2.53   2.39   2.49   2.44   2.23   2.71   2.44   2.45   2.64   2.68   2.37   2.09   1.73   1.56   1.28   0.94   1.02   0.90   1.34   1.55   1.76   1.73   1.97   1.84
 1971   1.81   1.68   1.56   2.29   2.20   2.22   2.02   1.85   1.77   1.58   1.49   2.75   2.30   2.52   2.26   1.88   1.47   1.08   0.87   0.70  -1.52  -0.74   1.09   1.11   1.06   1.14
 1972   1.02   0.97   1.11   0.98   0.83   0.59  -0.53  -0.54   1.24   1.32   1.50   1.90   1.69   1.65   2.19   2.23   2.02   2.03   1.90   1.79   1.61   2.01   1.91   1.74   1.63   1.90
 1973   1.77   2.05   1.94   2.01   2.24   2.64   2.95   3.24   3.01   2.65   3.27   2.94   2.82   2.72   2.80   2.39   1.90   2.18   2.07   2.51   2.37   2.23   2.12   2.30   2.20   2.21
 1974   2.08   1.91   1.75   1.59   1.37   1.22   1.18   0.92  -1.01  -1.05  -1.33  -1.24  -1.43  -1.71  -2.03  -1.75  -1.92  -1.77  -1.84  -2.04  -2.29  -2.24  -2.33  -2.38  -2.32  -2.43
 1975  -2.27  -2.14  -2.14  -2.24  -2.41  -2.41  -2.21  -2.14  -2.08  -2.32  -2.57  -2.50  -2.32  -2.58  -2.91  -3.04  -2.56  -2.70  -2.86  -2.92  -3.14  -3.22  -2.92  -2.37  -2.42  -2.47
 1976  -2.38  -2.42  -2.43  -2.45  -2.46  -2.64  -2.67  -2.80  -2.56  -2.77  -2.93  -3.38  -3.38  -3.45  -3.49  -3.76  -3.76  -3.86  -3.98  -4.03  -4.10  -4.12  -4.16  -4.19  -4.15  -4.21
 1977  -4.21  -4.20  -4.22  -4.09  -3.97  -3.91  -3.63  -3.13  -3.22  -3.47  -3.34  -3.47  -3.60  -3.78  -3.66  -3.41  -3.51  -3.19  -3.41  -2.78  -2.77  -2.71  -2.41  -2.44  -2.46  -2.19
 1978  -2.21  -2.20  -2.00  -1.81  -1.90  -2.04  -2.15  -1.91  -1.74  -1.75  -1.62  -1.90  -2.16  -1.64  -0.84  -0.93  -0.77  -1.05  -1.22  -1.43  -1.56  -1.71  -1.74  -1.73  -1.48  -1.57
 1979  -1.55  -1.19  -1.25  -1.25  -1.10   0.95   0.86   0.87   0.85   1.74   1.70   1.69   1.80   1.58   1.71   2.29   2.82   2.97   3.04   2.95   2.74   3.51   3.59   4.24   4.10   4.03
 1980   3.97   3.84   3.81   3.72   3.62   3.36   3.71   3.38   3.00   2.96   2.68   2.32   1.94   1.47   1.11   2.14   2.11   1.88   1.80   1.45   1.30   1.32   1.10   0.96   0.81   0.63
 1981  -1.23  -1.32  -1.25  -1.41  -1.59  -1.91  -1.70  -2.02  -2.22  -2.26  -2.54  -2.70  -2.94  -3.20  -2.41  -2.39  -2.51  -2.54  -2.83  -2.81  -2.85  -2.79  -2.99  -2.49  -2.40  -2.46
 1982  -2.39  -2.02  -2.01  -2.10  -2.16  -2.18  -2.15  -2.24  -2.35  -1.77  -1.34  -1.45  -1.34  -1.30  -1.34  -1.43  -1.66  -1.69  -1.82  -1.43  -0.78  -0.85   1.56   1.54   1.53   2.27
 1983   2.58   2.53   2.57   2.59   2.80   3.23   3.43   3.74   3.75   3.82   3.42   3.51   4.09   3.81   3.69   3.45   3.04   2.65   2.42   2.56   2.54   2.34   2.49   2.76   2.56   2.37
 1984   2.30   2.12   1.99   2.16   3.31   3.10   3.40   3.84   4.35   4.08   3.96   3.87   4.47   4.45   4.31   3.90   3.63   3.37   3.07   3.26   3.93   3.71   3.61   3.40   3.38   3.19
 1985   3.07   2.93   3.03   2.85   2.76   2.57   2.90   3.35   3.27   3.20   2.84   2.42   2.98   2.75   2.47   2.75   3.09   2.96   3.55   3.58   3.52   3.33   3.32   3.28   3.17   3.00
 1986   2.88   2.77   2.91   2.75   2.53   2.78   2.66   2.90   2.88   3.35   3.40   3.42   3.61   3.45   3.55   3.27   3.48   3.23   4.23   4.59   4.47   4.45   4.36   4.16   4.13   3.96
 1987   3.81   3.75   3.59   3.43   3.21   4.29   4.18   3.98   3.59   3.20   3.05   2.85   2.94   2.94   3.20   2.91   2.94   2.67   3.01   2.72   2.41   2.24   2.22   2.19   2.53   2.39
 1988   2.25   2.46   2.37   2.20   1.91   1.67   1.64   1.69   1.72   1.34   1.57   1.13   0.58   0.81  -1.01  -1.00  -0.82  -1.06  -0.88  -0.87  -1.08  -1.25  -1.27  -1.25  -1.32  -1.46
 1989  -1.35  -1.44  -1.48  -1.49  -1.57  -1.69  -1.98  -2.20  -2.33  -2.51  -2.97  -3.33  -3.35  -3.46  -3.62  -3.90  -3.70  -3.27  -3.41  -3.57  -3.75  -3.82  -3.90  -3.83  -3.69  -3.73
 1990  -3.76  -3.58  -3.59  -3.62  -3.57  -3.73  -3.97  -4.06  -4.02  -3.11  -3.06  -3.20  -3.49  -3.46  -3.58  -3.73  -3.51  -3.68  -3.78  -3.74  -3.59  -3.46  -3.43  -3.46  -3.30  -3.36
 1991  -3.28  -3.28  -3.28  -3.25  -3.47  -3.53  -3.74  -3.41  -2.74  -2.83  -2.27  -2.12  -2.17  -2.28  -2.39  -2.44  -2.62  -2.88  -2.78  -2.71  -2.89  -2.36  -2.25  -1.93  -1.75  -1.81
 1992  -1.53  -1.56  -1.61  -1.17   1.74   1.52   1.42   1.59   1.34   1.45   1.26   1.34   1.45   1.78   2.17   2.87   3.74   4.45   4.34   4.59   5.51   5.73   5.57   5.52   5.87   5.74
 1993   5.60   5.54   5.36   5.63   5.42   5.22   5.52   5.85   5.65   5.58   6.27   5.96   6.17   7.03   7.38   7.14   7.53   7.68   7.67   7.31   7.26   7.01   7.17   7.11   7.03   6.83
 1994   6.63   6.78   6.60   6.72   6.47   6.07   5.77   5.70   5.71   5.34   4.95   4.69   4.82   5.18   5.06   4.88   4.83   5.01   5.17   5.07   4.74   4.43   4.09   4.08   4.16   4.01
 1995   3.80   3.67   3.48   3.25   3.10   3.46   3.78   4.73   4.98   4.91   5.64   5.24   4.98   5.01   4.67   4.40   5.06   4.72   5.07   5.49   5.25   5.97   5.82   5.70   5.53   5.32
 1996   5.20   5.22   5.03   4.84   4.67   4.58   4.33   4.17   4.07   3.86   4.14   3.91   3.66   3.42   4.41   4.78   4.48   4.42   4.28   4.46   4.48   4.49   5.26   5.29   5.18   5.30
 1997   5.35   5.22   5.47   5.28   5.12   4.94   4.68   4.70   4.91   4.55   5.51   5.19   4.88   5.71   5.65   5.31   5.25   5.10   5.71   5.33   5.88   6.00   5.78   5.54   5.45   5.36
 1998   5.21   5.19   5.00   4.88   5.18   5.02   5.84   5.94   5.82   5.65   5.58   5.74   5.78   6.13   5.78   5.98   5.71   5.29   4.77   5.41   5.29   5.78   6.19   5.89   5.60   5.50
 1999   5.45   5.25   4.98   5.21   5.18   4.88   5.24   5.61   5.55   5.36   5.92   6.49   7.17   7.40   9.13   8.77   8.34   7.94   7.45   7.17   6.72   6.30   5.78   5.48   5.16   4.83
 2000   4.54   4.25   4.00   4.24   3.90   3.58   3.18   3.09   2.77   2.95   2.79   2.51   2.68   2.41   2.23   2.00   2.27   1.90   1.74   1.52   1.18   1.65   2.62   2.47   2.31   2.14
 2001   2.37   2.23   2.47   2.37   2.19   2.00   1.90   2.07   2.69   2.34   2.38   2.03   2.02   2.74   2.79   2.53   2.41   2.40   2.85   2.61   2.81   2.58   2.22   3.62   3.41   3.25
 2002   3.11   2.97   3.04   2.86   2.72   2.48   2.20   2.08   1.99   2.16   1.80   1.41   1.10   0.72  -1.57  -1.08  -1.00  -1.15  -1.19  -1.00  -1.01  -0.80  -0.92  -0.99  -1.09  -1.16
 2003  -1.18  -1.15  -1.23  -1.21  -1.30  -1.61  -1.29  -1.38  -1.02  -0.97 -99.00 -99.00 -99.00 -99.00 -99.00 -99.00 -99.00 -99.00 -99.00 -99.00 -99.00 -99.00 -99.00 -99.00 -99.00 -99.00
