 1893   0.24   0.26   0.32   0.55   1.01   1.11   0.45   1.10   2.23   1.79   1.39   0.42  -0.46  -0.26  -0.21  -0.94  -0.23  -0.72  -1.03  -0.42  -0.92  -1.02  -1.11   0.28  -0.06   0.73
 1894   0.61   0.74   0.53   0.73  -0.03  -0.31  -0.46   0.50   0.88   0.32  -0.26  -0.53  -0.82  -1.08  -1.44  -1.66  -1.67  -1.97  -2.24  -1.69  -2.09  -2.09  -2.19  -2.29  -1.66  -2.02
 1895  -2.17  -1.90  -1.85  -2.06  -2.19  -2.36  -1.59  -2.04  -2.21  -2.33  -1.64  -1.44  -1.24  -1.05  -1.00  -0.10  -0.35   0.03   1.38   1.00   0.53   0.17   0.06   0.25  -0.07  -0.41
 1896  -0.55  -0.59  -0.61  -0.71  -0.72  -0.81  -0.26   0.72   1.64   1.89   2.02   2.64   2.91   3.10   3.62   3.65   3.84   3.86   3.61   3.57   3.75   4.15   4.58   5.24   5.09   4.99
 1897   5.75   5.78   5.63   5.55   5.71   5.81   6.74   6.61   6.06   5.67   6.10   5.27   5.81   5.77   6.04   5.84   5.63   5.03   4.60   3.70   4.03   3.76   3.55   3.91   4.96   4.90
 1898   4.60   4.93   5.04   4.91   4.82   4.70   4.55   4.49   4.66   5.12   5.19   5.59   5.44   5.44   5.44   6.11   5.69   5.15   5.01   4.38   5.07   4.80   4.72   4.66   4.58   4.26
 1899   4.27   4.34   4.23   4.16   4.27   4.37   4.13   3.59   4.47   4.46   4.92   4.79   5.59   5.69   5.26   5.15   5.25   5.07   4.37   4.04   3.60   3.51   2.99   3.05   3.35   3.19
 1900   3.13   2.88   3.24   3.43   3.25   3.16   3.40   3.78   4.09   3.96   4.32   3.56   2.87   4.65   5.09   4.50   4.98   4.56   5.44   5.04   4.81   5.09   4.87   4.66   4.48   4.67
 1901   4.62   4.39   4.68   4.51   4.52   4.57   4.59   4.64   4.93   4.42   3.90   4.40   4.46   3.89   2.99   3.38   2.53   4.08   5.24   5.59   5.56   5.92   5.75   5.48   5.81   5.82
 1902   5.59   5.94   6.03   5.86   5.95   5.62   5.68   5.27   5.60   5.54   4.75   4.27   4.61   5.27   5.21   5.04   5.64   5.44   6.42   6.17   5.78   5.71   5.52   5.21   5.62   5.84
 1903   5.61   5.40   5.54   5.31   5.33   5.01   4.55   4.10   4.59   4.79   5.98   5.36   5.77   6.29   6.29   6.89   6.96   7.05   6.89   7.08   6.96   6.78   6.50   6.41   6.27   6.02
 1904   5.93   5.83   5.74   5.72   5.52   5.19   5.46   5.40   4.91   5.43   5.85   5.44   5.56   5.79   5.45   5.70   6.21   6.06   5.51   5.21   6.23   5.88   5.60   5.28   5.03   4.80
 1905   5.36   5.38   5.71   5.48   5.21   5.39   4.76   4.28   5.29   6.19   6.44   5.86   6.56   7.03   6.71   6.55   6.74   6.51   7.15   6.86   6.88   6.77   6.98   7.64   7.37   7.10
 1906   7.11   6.96   6.69   6.80   6.96   6.88   7.02   6.68   6.87   5.98   5.63   4.55   5.01   4.77   4.44   5.74   7.24   7.02   8.59   8.20   8.39   9.07   8.83   8.49   8.43   8.22
 1907   8.13   8.07   7.99   7.83   7.63   6.91   6.32   5.95   5.63   5.30   6.02   6.68   6.25   7.01   7.38   7.23   7.24   6.84   6.72   6.63   6.09   5.65   5.24   4.78   4.78   4.89
 1908   4.56   4.23   4.20   4.51   4.29   4.22   4.12   4.21   4.61   4.41   4.55   5.14   4.91   5.25   5.40   5.37   5.61   5.13   4.19   4.38   4.63   4.98   4.68   5.24   5.19   5.04
 1909   4.91   4.91   5.25   5.32   5.32   4.94   4.92   4.70   4.70   4.47   5.22   5.02   5.45   6.03   5.57   6.30   6.20   6.42   6.70   6.16   6.25   6.10   6.51   6.76   6.85   6.66
 1910   6.72   6.54   6.28   6.15   5.77   4.92   4.00   3.44   3.45   2.85   2.04   1.74   0.81   1.17   0.66   0.45   1.71   2.51   2.60   3.23   2.79   2.37   2.01   1.79   1.67   1.35
 1911   1.23   0.94   0.78   0.73   0.23  -0.41  -0.39  -0.82  -0.60  -1.25  -1.40  -1.63  -1.54  -1.52  -1.62  -0.04  -0.13   0.16  -0.42   1.16   1.38   1.36   1.34   1.11   0.78   1.35
 1912   1.27   1.24   1.41   1.26   1.15   1.48   0.98   1.50   1.47   1.26   1.00   0.75  -0.18  -0.70   0.42   0.29   0.96   1.15   1.28   1.49   1.71   1.38   0.94   0.58   0.72   0.39
 1913   0.21  -0.05  -0.26   0.57   0.22   0.51   0.67   1.39   2.71   3.69   3.74   2.90   3.32   3.41   3.42   3.31   2.48   1.62   1.52   1.05   0.50   0.25  -0.17  -0.42  -0.79  -1.05
 1914  -1.27  -1.26  -1.28  -1.37  -1.59  -1.77  -1.78  -1.98  -1.37  -1.21  -1.62  -0.77  -1.00  -1.46  -1.96  -0.95  -1.33  -0.98   1.01   0.84   0.34  -0.16  -0.51  -0.85  -0.46  -0.54
 1915  -0.73  -0.71   0.66   1.29   1.56   1.18   1.17   0.60   1.35   1.18   2.60   2.75   3.56   4.66   5.08   5.09   4.93   4.79   5.13   5.94   5.90   5.51   5.77   5.51   5.68   5.53
 1916   5.57   5.69   5.60   5.37   5.37   5.10   4.77   5.35   4.90   5.18   5.52   5.00   5.68   6.03   5.66   5.96   5.66   5.43   5.49   5.63   5.38   5.23   5.26   4.86   4.79   4.80
 1917   4.48   4.96   4.94   4.93   4.99   5.11   4.83   5.32   5.54   4.86   5.53   5.62   5.54   5.52   5.21   5.58   5.06   4.56   4.34   3.99   3.45   3.23   2.92   2.69   3.11   2.85
 1918   2.78   3.20   2.94   3.19   2.79   2.30   1.66   1.66   1.27   1.38   3.58   3.63   3.06   3.19   2.76   3.51   3.50   3.47   2.92   2.43   2.18   2.91   3.56   3.32   3.37   3.47
 1919   3.44   3.10   3.37   3.85   3.94   3.70   3.85   4.01   3.92   4.02   4.07   3.83   3.99   4.04   3.65   3.61   3.34   3.37   2.59   2.89   3.28   2.98   3.78   3.82   3.65   3.41
 1920   3.20   2.99   2.96   2.93   2.90   2.74   2.92   4.08   4.65   4.76   5.37   5.20   5.45   5.40   5.24   4.73   4.41   4.58   3.89   3.65   3.49   4.33   4.27   4.17   3.79   4.14
 1921   3.85   3.78   3.83   3.59   3.04   2.33   2.06   1.37   1.84   1.91   2.06   1.69   0.65   1.10   2.00   1.90   1.70   2.47   1.99   1.73   1.05   1.70   1.47   1.32   1.03   0.88
 1922   0.86   0.73   1.36   1.50   1.27   0.68   0.15   1.10   0.90   0.45   0.36   0.54   0.08  -0.12   0.88   0.37   0.18  -0.42  -0.73  -0.83  -1.05  -0.66   0.41  -0.02  -0.19  -0.58
 1923  -0.40  -0.44  -0.63  -0.96  -1.04  -1.04  -1.27  -0.59   0.62   0.82   0.38   0.58   0.96   1.21   0.38   2.63   2.87   3.24   4.00   4.50   4.39   4.34   4.29   4.07   3.82   4.10
 1924   4.07   3.91   3.94   4.21   4.14   4.00   4.15   3.64   3.88   3.87   3.58   3.87   4.35   4.13   4.39   4.82   4.44   4.21   4.58   4.26   3.97   3.43   3.10   2.73   4.13   4.04
 1925   3.99   4.11   3.91   3.95   3.63   3.31   2.70   2.67   2.93   2.59   2.25   2.40   2.14   1.94   1.30   0.89   0.17   0.21  -0.21  -0.07  -0.43  -0.32  -0.67  -0.95  -0.97  -1.01
 1926  -1.16  -1.15  -0.86  -1.12  -1.27  -1.51  -1.71  -1.98  -2.24  -2.17  -2.70  -2.86  -3.24  -3.55  -3.58  -3.52  -2.27  -1.14  -0.50  -0.30  -0.67  -0.92  -0.09  -0.15   0.16  -0.11
 1927  -0.26  -0.43   0.07   0.66   1.48   1.68   2.12   2.98   2.35   2.84   3.78   3.12   2.76   3.08   2.70   2.91   3.56   3.55   2.85   3.34   2.84   2.83   2.59   2.20   2.33   1.98
 1928   1.66   1.33   2.56   2.59   2.81   2.14   2.21   1.80   2.29   2.60   2.32   2.13   1.85   2.01   2.39   1.64   1.22   1.04   1.20   0.57   1.68   2.43   2.39   2.16   1.90   1.65
 1929   1.61   1.78   2.07   2.11   2.00   1.43   1.15   1.52   2.36   2.04   3.26   2.80   3.31   3.60   3.54   3.68   3.18   3.90   3.39   3.53   3.32   3.74   3.68   3.65   3.59   3.39
 1930   3.65   3.43   3.17   2.98   2.74   2.30   1.70   2.21   2.08   3.39   3.40   3.33   2.91   2.28   1.38   0.81   1.20   2.10   1.44   2.63   2.85   2.49   2.39   3.03   2.93   2.77
 1931   2.56   2.56   2.23   2.42   2.17   1.72   2.19   2.39   1.94   2.24   1.39   1.03   0.00   0.17  -0.78  -1.38  -1.58  -1.88  -2.02  -2.02  -2.15  -2.18  -2.19  -0.51  -0.72  -0.41
 1932   0.28   0.72   0.74   1.24   1.06   0.93   0.28  -0.15   1.35   0.56   1.56   1.70   1.18   1.09   0.59   1.58   0.81   0.57   0.90   0.48   0.10   0.16  -0.03  -0.41  -0.17  -0.52
 1933  -0.62  -0.72   0.26   0.14  -0.18   0.26   0.13  -0.34  -0.23   0.17  -0.38  -0.78  -1.01   1.17   1.26   1.34   1.18   0.66   0.27  -0.11  -0.62  -0.80  -0.91  -0.47  -0.76  -0.93
 1934  -0.72  -0.96  -1.05  -1.04  -0.86  -1.12  -0.31  -1.04  -1.28  -1.74  -2.34  -0.65  -1.33  -0.69  -1.47  -1.96  -2.30  -2.17  -2.16  -1.51  -1.84  -2.10  -2.03  -1.76  -1.38  -1.68
 1935  -1.27  -1.20  -1.39  -0.81  -1.07  -1.71  -1.59  -1.00   0.60   1.05   1.15   0.10   0.79   0.38   0.30   0.49   1.17   1.26   0.18  -0.32  -0.64  -0.74  -0.85  -0.28   0.13   0.20
 1936   0.42   1.23   1.60   1.96   1.84   1.42   2.11   1.45   0.94   0.79   1.65   0.75  -0.30  -1.16  -1.61  -2.07  -2.42  -2.36  -0.81  -1.15  -1.67  -1.67  -1.89  -2.08  -2.07  -1.31
 1937  -0.31  -0.06   0.23   0.07  -0.40   0.23  -0.03  -0.48   0.76   0.32   0.15  -0.35  -0.22  -0.82  -1.11  -1.30   0.37  -0.02  -0.67   0.58   1.05   0.59   0.48   0.11  -0.02  -0.24
 1938   0.00   0.23   0.83   1.26   0.94   0.82   0.98   0.55   0.51   1.27   0.91   0.08  -0.35   0.67   0.77   1.22   0.38   1.41   2.36   1.80   1.25   2.17   2.17   1.87   1.65   1.43
 1939   1.81   2.02   2.24   2.52   2.58   2.13   2.69   2.76   2.19   1.80   1.64   1.20   2.17   2.15   1.74   2.50   1.89   1.17   0.11  -0.42  -0.84  -1.18  -1.49  -1.62  -1.84  -1.80
 1940  -1.55  -1.72  -1.27  -1.40  -1.02  -0.84  -0.70  -0.70   0.43  -0.13  -0.19  -0.19  -0.73  -1.02  -0.81  -0.94  -1.21  -1.42  -1.70  -1.39  -1.79  -1.70  -0.89  -0.49   0.71   0.47
 1941   0.56   1.38   1.12   2.05   2.00   1.93   2.16   2.96   2.50   1.88   1.55   1.34   1.91   2.10   1.31   0.36   0.14   0.12   0.07   0.95   0.60   0.58   0.28   0.06  -0.02   0.03
 1942   0.24  -0.15   0.05   0.57   0.23   0.55   0.54   0.01   0.72   1.10   0.71   0.30   1.54   1.57   1.78   1.72   1.09   1.98   2.11   2.01   1.45   1.31   0.95   0.98   0.70   0.52
 1943   0.55   0.48   0.98   0.80   1.18   1.18   0.28   0.47  -0.07  -0.12  -0.44   0.15  -0.31  -0.61   0.15  -0.37  -0.53  -0.70  -0.93  -1.19  -1.20  -0.88  -0.59  -0.94  -1.15  -1.28
 1944  -1.19  -0.50   0.39   0.58   0.32   0.16  -0.02  -0.06   1.92   2.00   1.69   2.25   1.65   3.27   2.95   3.88   4.70   4.68   4.82   4.75   4.41   4.00   4.14   4.30   4.17   4.13
 1945   4.07   4.14   4.20   4.34   4.40   3.96   3.75   4.02   3.68   3.85   4.15   4.19   3.99   3.99   3.50   3.60   3.98   3.25   2.78   2.68   2.01   1.47   1.28   1.58   1.36   1.54
 1946   1.25   0.99   1.17   0.91   0.88   0.85   0.05  -0.37  -0.45  -0.63  -0.66  -1.32  -1.40  -1.58  -1.84  -1.91  -2.04  -0.79  -0.73   0.75   0.71   0.51   1.69   1.39   1.10   1.05
 1947   0.87   0.95   1.51   1.40   1.12   0.74   1.46   1.26   1.11   1.11   1.49   1.77   1.69   1.92   1.47   0.65   0.23  -0.19  -0.16  -0.74  -0.96   0.60   0.80   0.88   1.16   0.81
 1948   0.53   0.36   0.87   0.95   1.25   0.59   0.53  -0.22  -0.02  -0.59  -0.94  -0.56   0.44   0.36   0.66   1.11   0.50  -0.21  -0.72   0.19  -0.18  -0.20  -0.19   0.58  -0.07   0.25
 1949   0.99   1.15   0.97   0.76   0.44   0.76   1.77   1.87   1.26   0.94   1.85   1.32   1.67   1.50   1.79   1.14   0.93   1.73   2.58   2.36   2.37   1.98   1.51   1.16   1.18   0.92
 1950   0.82   0.83   0.63   1.41   1.66   1.43   1.18   0.90   1.42   2.10   2.17   2.13   2.71   2.79   3.18   3.36   3.18   2.76   2.99   3.17   2.69   2.54   2.18   1.96   1.71   1.38
 1951   1.11   0.86   0.85   0.63   1.83   2.07   2.48   2.73   3.45   3.62   3.71   3.02   4.31   4.89   4.39   4.46   5.83   6.38   6.53   6.66   6.76   6.72   6.56   6.46   6.49   6.32
 1952   6.22   6.33   6.08   6.25   6.16   6.27   5.84   5.97   5.28   5.29   5.77   4.89   4.27   4.69   3.86   4.50   4.22   4.00   3.52   2.85   2.25   1.64   1.11   1.24   0.86   1.09
 1953   0.91   0.85   0.91   1.72   1.46   1.12   1.28   1.83   2.79   3.67   3.55   3.59   2.79   2.60   3.18   3.79   3.56   3.68   2.99   2.31   1.64   1.29   0.75   1.35   2.59   2.24
 1954   1.96   1.66   1.35   2.40   2.10   2.12   2.19   1.93   2.69   2.27   3.20   2.29   3.14   2.64   2.10   2.47   3.10   3.14   2.70   2.50   2.25   2.46   1.89   1.82   1.54   1.15
 1955   0.85   0.73   0.78   0.98   0.52   0.21  -0.10  -0.83  -1.07  -1.48  -1.68  -1.53  -0.90  -1.29  -1.78  -2.22  -2.68  -2.88  -3.15  -3.11  -3.33  -3.40  -3.46  -3.51  -2.66  -2.98
 1956  -3.12  -3.10  -3.06  -3.12  -3.26  -3.48  -3.51  -3.64  -3.31  -3.45  -3.73  -4.06  -4.30  -3.21  -3.63  -3.50  -3.85  -4.06  -4.23  -4.38  -4.59  -4.49  -4.42  -4.40  -4.29  -4.35
 1957  -4.24  -4.27  -4.28  -4.23  -4.43  -3.76  -3.51  -3.84  -4.03  -2.38  -2.93  -2.76  -2.66  -1.67  -2.18  -2.02  -2.57  -2.40  -1.74  -1.52  -1.38  -0.93  -0.45  -0.65  -0.86  -1.03
 1958  -1.17  -1.24  -1.29  -1.35  -0.14  -0.48   0.44   0.06   0.71   0.20  -0.20  -0.40  -0.87   0.06   0.63   0.21  -0.28  -0.69  -1.04  -1.52  -2.07  -2.22  -2.20  -2.29  -2.32  -2.43
 1959  -2.46  -2.45  -2.29  -2.29  -2.36  -2.50  -2.14  -1.80  -1.29  -1.28   0.03  -0.99  -0.41  -0.87  -1.15  -0.44  -0.47  -0.94  -1.03  -0.92  -1.00   0.11   1.52   1.29   0.95   1.54
 1960   1.80   1.64   1.74   1.64   1.87   1.94   2.41   1.89   3.17   3.46   3.46   3.44   3.43   3.53   3.09   2.58   3.49   4.51   4.36   3.86   3.51   3.81   3.42   3.83   3.79   3.65
 1961   3.66   3.44   3.46   3.46   3.79   3.35   3.17   3.02   3.12   3.41   3.02   2.88   2.00   2.23   2.61   1.95   1.80   1.25   1.49   1.11   0.93   0.79   0.61   0.24   0.31   0.23
 1962  -0.05  -0.28  -0.53   0.41   0.75   1.04   0.99   0.61   0.50   1.07   2.19   3.36   2.91   3.32   3.46   3.66   3.00   4.02   3.96   3.97   3.43   3.07   2.63   2.14   1.86   1.86
 1963   2.18   1.90   1.74   1.52   1.52   1.17   0.29  -0.21   0.30  -0.12   1.20   1.51   1.69   2.92   3.37   3.64   3.30   3.54   3.28   2.74   2.27   1.72   1.20   0.87   0.68   0.33
 1964   0.51   0.22  -0.01  -0.15  -0.31  -0.09   0.13  -0.30   0.41   0.51  -0.05   0.05   0.08   0.80   0.34   1.18   2.20   2.94   2.89   2.58   2.11   1.63   1.52   1.28   1.10   1.18
 1965   0.93   0.72   1.57   1.37   1.04   0.88   1.18   0.73   0.72   0.83   1.61   1.90   1.76   2.09   1.66   1.46   1.83   2.03   2.57   3.14   3.04   2.69   2.49   2.21   2.23   2.12
 1966   1.89   1.95   2.58   2.37   2.28   2.16   1.60   1.71   1.34   0.81   0.86   0.79   0.89   1.13   0.90   1.24   2.17   2.31   1.79   1.46   1.90   1.56   1.30   0.95   0.82   0.85
 1967   1.12   0.84   0.59   0.28  -0.22  -0.78  -0.95  -1.12  -1.26  -1.40  -0.95   1.05   1.77   1.61   1.53   1.65   1.81   1.24   0.68   0.31  -0.25  -0.13  -0.52  -0.83  -0.87  -0.90
 1968  -0.49  -0.72  -0.91  -1.01  -1.22  -1.46  -1.00  -0.89  -1.23  -1.57  -1.83  -2.27  -2.28  -2.50  -2.72  -2.77  -2.98  -2.00  -1.39  -1.69   1.55   1.31   1.58   1.42   1.45   2.23
 1969   2.30   2.58   2.44   2.65   2.68   2.78   2.43   1.99   1.68   1.60   1.18   0.90   2.40   2.85   2.92   2.93   2.55   2.87   2.93   2.93   3.13   3.32   3.00   2.68   2.56   2.86
 1970   2.62   2.47   2.25   2.03   2.32   2.28   1.90   2.71   2.19   2.29   2.64   2.68   2.09   1.54   0.82   0.52  -0.03  -0.67  -0.44  -0.62   0.29   0.76   1.22   1.20   1.69   1.48
 1971   1.45   1.23   1.03   2.29   2.16   2.22   1.85   1.51   1.39   1.01   0.85   2.75   1.85   2.41   1.90   1.15   0.34  -0.43  -0.80  -1.07  -1.52   0.42   1.09   1.11   1.01   1.14
 1972   0.84   0.73   1.11   0.78   0.37  -0.25  -0.53  -0.54   1.24   1.32   1.50   1.90   1.47   1.43   2.19   2.23   1.82   1.91   1.68   1.48   1.13   2.01   1.84   1.51   1.31   1.90
 1973   1.65   2.05   1.85   2.01   2.24   2.64   2.95   3.24   2.83   2.17   3.27   2.65   2.48   2.36   2.63   1.83   0.85   1.52   1.34   2.32   2.11   1.87   1.71   2.15   2.00   2.07
 1974   1.86   1.54   1.24   0.95   0.54   0.26   0.22  -0.26  -1.01  -1.05  -1.33  -1.15  -1.43  -1.71  -2.03  -1.45  -1.91  -1.62  -1.84  -2.04  -2.29  -2.24  -2.33  -2.38  -2.32  -2.43
 1975  -2.16  -1.96  -2.04  -2.24  -2.41  -2.41  -2.06  -1.98  -1.92  -2.32  -2.57  -2.50  -2.20  -2.58  -2.91  -3.04  -2.10  -2.51  -2.86  -2.92  -3.14  -3.22  -2.70  -1.58  -1.79  -1.98
 1976  -1.88  -2.07  -2.17  -2.29  -2.40  -2.64  -2.67  -2.80  -2.38  -2.77  -2.93  -3.38  -3.38  -3.45  -3.49  -3.76  -3.76  -3.86  -3.98  -4.03  -4.10  -4.12  -4.16  -4.19  -4.15  -4.21
 1977  -4.21  -4.20  -4.22  -4.09  -3.97  -3.91  -3.46  -2.51  -2.83  -3.47  -3.31  -3.47  -3.60  -3.78  -3.66  -3.25  -3.51  -2.95  -3.41  -2.17  -2.24  -2.22  -1.66  -1.84  -1.96  -1.47
 1978  -1.59  -1.66  -1.31  -0.98  -1.24  -1.59  -1.86  -1.43  -1.12  -1.20  -0.98  -1.62  -2.16  -1.02   0.82   0.55   0.85   0.15  -0.30  -0.80  -1.14  -1.50  -1.60  -1.64  -1.12  -1.39
 1979  -1.39  -0.59  -0.78  -0.84  -0.52   0.95   0.67   0.75   0.71   1.74   1.69   1.69   1.80   1.34   1.70   2.29   2.82   2.97   3.04   2.95   2.58   3.51   3.59   4.24   4.08   4.03
 1980   3.97   3.82   3.81   3.72   3.62   3.17   3.71   3.12   2.40   2.42   1.92   1.25   0.56  -0.33  -0.95   1.13   1.14   0.76   0.67   0.04  -0.18  -0.07  -0.41  -0.61  -0.81  -1.06
 1981  -1.23  -1.32  -1.17  -1.41  -1.59  -1.91  -1.49  -2.02  -2.22  -2.26  -2.54  -2.70  -2.94  -3.20  -1.58  -1.63  -2.00  -2.16  -2.83  -2.81  -2.85  -2.79  -2.99  -2.01  -1.88  -2.12
 1982  -2.05  -1.33  -1.39  -1.65  -1.85  -1.96  -1.97  -2.24  -2.35  -1.10  -0.16  -0.48  -0.30  -0.26  -0.41  -0.67  -1.23  -1.35  -1.66  -0.84   0.65   0.41   1.56   1.54   1.53   2.27
 1983   2.58   2.53   2.57   2.59   2.80   3.23   3.43   3.74   3.75   3.82   3.08   3.37   4.09   3.61   3.48   3.08   2.34   1.60   1.22   1.60   1.63   1.31   1.69   2.30   1.97   1.67
 1984   1.60   1.31   1.11   1.49   3.31   2.96   3.40   3.84   4.35   3.91   3.78   3.73   4.47   4.45   4.31   3.57   3.11   2.68   2.17   2.66   3.93   3.60   3.49   3.15   3.22   2.93
 1985   2.77   2.56   2.87   2.57   2.47   2.15   2.90   3.35   3.27   3.20   2.52   1.70   2.98   2.57   2.05   2.74   3.09   2.91   3.55   3.58   3.52   3.22   3.30   3.28   3.14   2.88
 1986   2.71   2.57   2.91   2.65   2.26   2.78   2.61   2.90   2.88   3.35   3.40   3.42   3.61   3.39   3.55   3.08   3.48   3.05   4.23   4.59   4.47   4.45   4.36   4.07   4.13   3.89
 1987   3.72   3.70   3.49   3.26   2.89   4.29   4.18   3.89   3.18   2.48   2.26   1.94   2.21   2.30   2.95   2.42   2.58   2.10   2.88   2.35   1.77   1.50   1.52   1.52   2.28   2.07
 1988   1.84   2.35   2.21   1.93   1.35   0.89   0.89   1.04   1.16   0.41   0.94   0.08  -0.95  -0.45  -1.01  -1.00  -0.47  -1.06  -0.55  -0.57  -1.08  -1.25  -1.27  -1.25  -1.32  -1.46
 1989  -1.25  -1.44  -1.48  -1.49  -1.57  -1.69  -1.98  -2.20  -2.33  -2.51  -2.97  -3.33  -3.35  -3.46  -3.62  -3.90  -3.62  -2.83  -3.26  -3.57  -3.75  -3.82  -3.90  -3.83  -3.68  -3.73
 1990  -3.76  -3.51  -3.59  -3.62  -3.57  -3.73  -3.97  -4.06  -4.02  -2.21  -2.22  -2.64  -3.38  -3.45  -3.58  -3.73  -3.39  -3.68  -3.78  -3.74  -3.56  -3.41  -3.43  -3.46  -3.24  -3.36
 1991  -3.28  -3.28  -3.28  -3.25  -3.47  -3.53  -3.74  -3.17  -1.84  -2.15  -1.02  -0.81  -1.00  -1.33  -1.65  -1.83  -2.29  -2.88  -2.76  -2.71  -2.89  -1.81  -1.66  -1.04  -0.71  -0.91
 1992  -0.36  -0.50  -0.68   0.22   1.74   1.26   1.06   1.53   0.97   1.28   0.87   1.09   1.37   1.78   2.17   2.87   3.74   4.45   4.34   4.59   5.51   5.73   5.57   5.52   5.87   5.74
 1993   5.60   5.54   5.34   5.63   5.38   5.13   5.52   5.85   5.61   5.58   6.27   5.81   6.17   7.03   7.38   7.13   7.53   7.68   7.67   7.18   7.26   6.98   7.17   7.11   7.03   6.83
 1994   6.62   6.78   6.60   6.72   6.42   5.79   5.37   5.40   5.60   5.02   4.38   4.00   4.43   5.18   5.06   4.83   4.83   5.01   5.17   5.07   4.55   4.03   3.47   3.58   3.88   3.69
 1995   3.37   3.23   2.94   2.59   2.37   3.18   3.78   4.73   4.98   4.91   5.64   4.98   4.62   4.83   4.28   3.88   5.06   4.52   5.07   5.49   5.16   5.97   5.82   5.70   5.53   5.28
 1996   5.19   5.22   5.00   4.75   4.54   4.51   4.12   3.93   3.86   3.55   4.14   3.78   3.39   2.97   4.41   4.78   4.30   4.32   4.17   4.46   4.48   4.49   5.26   5.29   5.18   5.30
 1997   5.35   5.22   5.47   5.26   5.09   4.88   4.48   4.67   4.91   4.31   5.51   5.01   4.53   5.71   5.65   5.12   5.18   5.03   5.71   5.10   5.88   6.00   5.73   5.42   5.41   5.36
 1998   5.21   5.19   4.96   4.87   5.18   5.01   5.84   5.94   5.82   5.65   5.58   5.74   5.78   6.13   5.60   5.98   5.62   4.91   4.00   5.41   5.29   5.78   6.19   5.77   5.35   5.33
 1999   5.40   5.15   4.77   5.21   5.18   4.71   5.24   5.61   5.55   5.34   5.92   6.49   7.17   7.40   9.13   8.69   8.08   7.54   6.77   6.45   5.75   5.12   4.27   3.86   3.41   2.92
 2000   2.51   2.10   1.76   2.36   1.84   1.37   0.75   0.72   0.24   0.69   0.50   0.11   0.52   0.15  -0.07  -0.36   0.19  -0.34  -0.50  -0.77  -1.21  -0.40   1.18   1.01   0.83   0.62
 2001   1.03   0.88   1.17   1.09   0.85   0.62   0.52   0.83   1.55   1.02   1.15   0.64   0.68   1.75   1.86   1.45   1.32   1.35   2.12   1.74   2.13   1.79   1.18   3.62   3.29   3.06
 2002   2.85   2.64   2.89   2.61   2.39   1.97   1.44   1.26   1.14   1.55   0.89   0.16  -0.40  -1.06  -1.57  -0.40  -0.23  -0.66  -0.80  -0.36  -0.43   0.03  -0.28  -0.48  -0.74  -0.91
 2003  -1.00  -0.95  -1.18  -1.17  -1.30  -1.61  -0.87  -1.15  -0.29  -0.20 -99.00 -99.00 -99.00 -99.00 -99.00 -99.00 -99.00 -99.00 -99.00 -99.00 -99.00 -99.00 -99.00 -99.00 -99.00 -99.00
