 1893   1.02   0.10   0.30   0.98   1.99   0.55  -0.86   1.12   4.83  -0.62  -0.58  -1.66  -1.60   0.41   0.13  -1.43   1.43  -1.00  -0.89   0.79  -0.84  -0.40  -0.58   2.01  -0.56   1.72
 1894  -0.04   0.25  -0.13   0.29  -0.65  -0.77  -0.73   2.09   1.64  -0.60  -0.66  -1.19  -1.42  -1.31  -1.78  -1.25  -0.33  -1.66  -1.53   0.85  -0.98  -0.33  -0.80  -0.83   1.01  -0.89
 1895  -0.68   0.31  -0.09  -0.79  -0.94  -1.13   1.29  -1.09  -0.67  -0.93   1.13   0.19   0.21   0.22  -0.06   1.60  -0.59   0.65   2.88  -0.49  -0.66  -0.52  -0.12   0.38  -0.48  -0.56
 1896  -0.45  -0.24  -0.21  -0.58  -0.18  -0.49   0.54   2.46   3.91   1.29   0.79   2.86   1.45   1.20   2.60   0.61   1.25   0.60  -0.19   0.18   1.08   2.14   2.37   3.37   0.10   0.26
 1897   3.85   0.87   0.16   0.45   1.39   1.19   4.65   0.40  -0.65  -0.34   1.41  -1.23   1.58   0.66   1.90   0.01   0.01  -0.81  -0.48  -1.44   0.98  -0.21  -0.10   1.02   3.26   0.40
 1898  -0.24   1.67   1.10   0.15   0.30   0.16   0.04   0.34   1.33   2.51   1.00   2.38   0.12   0.73   0.73   3.52  -0.41  -0.66   0.13  -0.90   1.74  -0.17   0.21   0.22   0.20  -0.31
 1899   0.36   0.48   0.12   0.28   1.03   0.98  -0.15  -0.74   3.02   0.55   2.52   0.14   4.00   1.15  -0.45   0.17   0.66   0.03  -1.03  -0.32  -0.54   0.11  -0.74   0.38   0.87  -0.04
 1900   0.15  -0.24   1.00   0.66  -0.09   0.07   0.73   1.95   1.81   0.05   1.99  -1.17  -1.08   5.23   2.45  -0.80   1.68  -0.46   3.67  -0.39  -0.10   1.17  -0.08  -0.06  -0.03   1.02
 1901   0.41  -0.12   1.61  -0.01   0.60   0.80   0.72   0.81   1.85  -0.66  -0.70   1.30   0.58  -0.79  -1.49   1.04  -1.41   3.66   5.37   2.20   0.61   2.27   0.07  -0.12   1.91   0.82
 1902  -0.05   2.11   1.18   0.10   1.15  -0.23   0.70  -0.42   1.57   0.50  -1.16  -0.60   1.02   2.35   0.48   0.03   3.15   0.01   4.72  -0.05  -0.33   0.27   0.03  -0.22   1.76   1.68
 1903  -0.05  -0.01   1.09  -0.06   0.64  -0.24  -0.55  -0.55   1.30   1.12   5.60  -0.80   1.51   2.93   0.83   3.34   1.25   1.30   0.27   1.76   0.46   0.16  -0.07   0.35   0.28  -0.05
 1904   0.30   0.41   0.38   0.71   0.00  -0.26   1.41   0.49  -0.59   2.14   2.47  -0.38   0.76   1.71  -0.27   1.43   2.87   0.23  -0.66  -0.19   3.90  -0.26  -0.14  -0.24  -0.11  -0.07
 1905   1.77   0.81   2.08  -0.06  -0.14   1.08  -0.87  -0.59   3.11   4.46   1.87  -0.70   2.88   2.84  -0.14   0.16   1.54   0.02   3.49  -0.08   0.83   0.51   1.76   3.69  -0.01  -0.02
 1906   0.82   0.34  -0.05   1.22   1.61   0.59   1.50  -0.18   1.41  -1.29  -0.25  -1.74   1.31  -0.08  -0.29   3.19   7.00   0.08   7.49  -0.19   1.61   3.97   0.25  -0.08   0.77   0.26
 1907   0.72   0.87   0.74   0.42   0.22  -0.90  -0.69  -0.26  -0.19  -0.23   1.87   2.73  -0.39   3.54   2.51   0.36   1.01  -0.29   0.25   0.34  -0.61  -0.44  -0.40  -0.51   0.38   0.60
 1908  -0.30  -0.31   0.29   0.97  -0.10   0.20   0.13   0.52   1.66  -0.06   1.04   3.03  -0.07   1.92   1.34   0.58   1.74  -0.57  -1.49   0.73   0.83   1.28  -0.23   2.65   0.47   0.12
 1909   0.13   0.67   2.08   0.98   0.71  -0.36   0.31  -0.08   0.36  -0.13   3.48  -0.03   2.39   3.12  -0.49   3.21   0.44   1.75   2.01  -0.60   0.62   0.15   2.49   1.92   1.31   0.14
 1910   1.12   0.17  -0.05   0.18  -0.32  -1.27  -1.47  -0.78   0.33  -0.91  -1.39  -0.39  -1.75   0.92  -0.91  -0.32   2.89   1.97   0.46   1.71  -0.64  -0.62  -0.53  -0.26  -0.05  -0.50
 1911  -0.09  -0.47  -0.22   0.02  -1.04  -1.41   0.06  -1.03   0.52  -1.67  -0.47  -1.25  -0.00  -0.11  -0.65   2.67  -0.24   0.43  -1.13   3.38   1.10   0.08   0.13  -0.26  -0.42   1.21
 1912  -0.02   0.07   0.73  -0.12  -0.07   1.03  -0.70   1.13   0.11  -0.24  -0.31  -0.32  -1.49  -0.99   1.76  -0.50   2.81   0.95   0.71   1.03   1.09  -0.42  -0.64  -0.51   0.33  -0.48
 1913  -0.26  -0.41  -0.36   1.61  -0.57   0.62   0.40   1.49   5.55   4.44   0.71  -1.35   1.05   0.43   0.44   0.03  -1.35  -1.45  -0.03  -0.75  -0.95  -0.42  -0.77  -0.48  -0.78  -0.58
 1914  -0.55  -0.05  -0.12  -0.34  -1.24  -1.09  -0.35  -1.20   0.96   0.14  -0.94   1.45  -0.58  -1.05  -1.84   1.71  -0.88   0.51   3.56  -0.31  -0.97  -1.01  -0.79  -0.80   0.66  -0.27
 1915  -0.52  -0.07   2.70   2.67   1.31  -0.52   0.11  -0.86   1.37  -0.16   5.48   0.96   3.75   5.07   2.39   0.70   0.05   0.07   2.07   4.06   0.62  -0.35   1.36  -0.11   1.29   0.14
 1916   0.92   1.26   0.39  -0.06   0.57  -0.15  -0.28   2.44  -0.51   1.23   2.10  -0.63   2.75   2.21  -0.31   1.62  -0.17  -0.06   0.61   1.34  -0.10   0.09   0.67  -0.43   0.23   0.35
 1917  -0.28   2.16   0.60   0.65   0.91   1.17  -0.20   2.42   1.63  -0.95   2.34   1.16   0.43   0.66  -0.22   1.91  -0.62  -0.63  -0.07  -0.36  -0.76  -0.13  -0.34  -0.20   1.13  -0.27
 1918   0.13   1.12  -0.26   0.80  -0.55  -0.77  -1.10   0.20  -0.64   0.41   5.26   0.70  -0.84   0.49  -0.58   2.21   0.45   0.34  -0.80  -0.71  -0.28   1.64   2.60  -0.21   0.36   0.87
 1919   0.35  -0.39   1.01   2.43   0.92  -0.19   0.84   1.18   0.20   0.91   0.77  -0.18   0.93   0.74  -0.47   0.21  -0.27   0.33  -1.27   0.82   0.99  -0.33   3.12   0.72  -0.05  -0.21
 1920  -0.15  -0.15   0.18   0.18   0.18  -0.10   0.57   5.04   2.91   1.10   3.20   0.04   1.72   0.50   0.07  -0.63  -0.28   0.68  -1.04  -0.17  -0.01   1.99   0.33   0.15  -0.43   1.43
 1921  -0.27   0.15   0.43  -0.18  -0.80  -1.15  -0.30  -1.16   1.11   0.32   0.49  -0.53  -1.96   1.04   2.01  -0.01  -0.23   1.81  -0.73  -0.32  -1.17   1.41  -0.28  -0.14  -0.42  -0.19
 1922   0.09  -0.15   1.41   0.49  -0.31  -1.05  -0.98   2.04  -0.29  -0.82  -0.10   0.46  -0.90  -0.39   2.35  -0.98  -0.32  -1.28  -0.93  -0.59  -1.11   0.47   1.46  -0.67  -0.33  -0.70
 1923   0.19  -0.17  -0.43  -0.67  -0.49  -0.21  -1.20   1.00   1.84   0.71  -0.43   0.30   0.99   1.19  -1.17   7.35   1.35   1.92   3.60   2.63   0.14   0.39   0.39  -0.13  -0.18   1.17
 1924   0.43  -0.01   0.58   1.62   0.29   0.02   1.13  -0.70   0.75   0.39  -0.27   1.28   2.53  -0.11   1.43   2.41  -0.40  -0.13   1.38  -0.29  -0.26  -0.75  -0.38  -0.47   3.55   0.18
 1925   0.31   1.08  -0.10   0.51  -0.33  -0.35  -0.94   0.18   0.73  -0.42  -0.45   0.52  -0.30  -0.21  -1.09  -0.67  -1.37   0.17  -0.84   0.36  -0.74   0.26  -0.78  -0.66  -0.10  -0.16
 1926  -0.49  -0.16   0.33  -0.58  -0.86  -1.31  -1.15  -1.55  -1.51  -0.07  -2.74  -1.20  -2.20  -1.99  -0.72  -0.36   2.26   2.03   1.11   0.25  -0.90  -0.69   1.56  -0.23   0.53  -0.67
 1927  -0.43  -0.49   0.96   1.22   1.77   0.76   2.07   3.84  -0.97   1.17   4.29  -1.01  -0.45   0.87  -0.51   0.64   2.22   0.43  -1.09   1.18  -0.72   0.21  -0.23  -0.54   0.44  -0.48
 1928  -0.44  -0.48   2.59   0.26   1.14  -1.04   0.30  -0.58   1.10   1.02  -0.32  -0.18  -0.33   0.45   1.08  -1.18  -0.63  -0.20   0.43  -1.07   2.23   2.35   0.20  -0.25  -0.30  -0.29
 1929   0.07   0.48   0.69   0.42  -0.04  -0.86  -0.38   0.81   2.75  -0.40   4.78  -0.64   1.69   1.63   0.24   1.05  -0.69   2.60  -0.72   0.54  -0.15   1.61   0.26   0.40   0.23  -0.14
 1930   1.31  -0.16  -0.23  -0.12  -0.24  -0.62  -0.97   1.17  -0.05   3.84   0.50   0.13  -0.55  -0.97  -1.55  -0.96   0.90   1.94  -1.12   2.54   0.90  -0.47   0.02   2.30   0.03  -0.08
 1931  -0.20   0.21  -0.42   0.55  -0.28  -0.68   1.07   0.62  -0.64   0.73  -1.39  -0.54  -1.81   0.39  -1.81  -1.68  -1.12  -1.64  -0.94  -0.38  -0.94  -0.49  -0.42   3.02  -0.54   0.46
 1932   1.21   0.79  -0.00   0.97  -0.32  -0.25  -1.35  -0.97   3.92  -1.17   2.35   0.79  -0.75  -0.04  -0.77   1.83  -1.16  -0.33   0.68  -0.63  -0.60   0.18  -0.29  -0.65   0.46  -0.64
 1933  -0.50  -0.56   1.09  -0.45  -0.37   0.86  -0.51  -1.03   0.41   0.31  -1.07  -1.83  -1.21   4.86   0.55   0.50  -0.14  -0.74  -0.53  -0.58  -1.00  -0.90  -0.65   0.49  -0.48  -0.52
 1934   0.18  -0.63  -0.54  -0.13   0.15  -0.86   1.13  -1.23  -1.15  -2.28  -3.02   3.06  -1.46   1.06  -1.66  -1.18  -1.57   0.03  -0.19   1.05  -0.82  -0.99  -0.06   0.33   0.54  -0.76
 1935   0.62  -0.03  -0.53   0.97  -0.65  -1.56   0.04   0.92   2.73   0.85   0.54  -1.48   1.11  -0.54  -0.05   0.37   1.40   0.51  -1.59  -0.74  -0.73  -0.56  -0.62   0.61   0.43   0.02
 1936   0.76   3.46   1.67   1.75  -0.06  -0.59   2.00  -1.02  -0.77  -0.16   1.70  -1.52  -1.89  -1.94  -2.24  -2.35  -1.97  -0.13   2.80  -0.81  -1.19  -0.20  -0.65  -0.70  -0.33   1.26
 1937   1.72   0.37   0.46  -0.38  -1.00   1.13  -0.58  -1.00   2.42  -0.91  -0.40  -1.12   0.17  -1.51  -0.86  -0.57   3.00  -0.78  -1.35   2.30   1.50  -0.56  -0.08  -0.46  -0.13  -0.29
 1938   0.41   0.41   1.02   1.50  -0.40  -0.09   0.35  -0.58   0.01   1.59  -0.45  -1.21  -0.66   1.73   0.26   0.91  -1.19   2.28   4.13  -0.84  -0.87   1.85   0.20  -0.37  -0.24  -0.25
 1939   0.83   0.76   1.15   1.48   0.59  -0.65   1.79   0.66  -0.87  -0.56  -0.12  -0.70   2.02   0.15  -0.60   2.06  -0.94  -1.18  -1.90  -0.96  -0.81  -0.72  -1.17  -0.81  -1.29  -0.12
 1940   0.28  -0.52   0.65  -0.38   0.53   0.21   0.11  -0.12   1.96  -1.07  -0.19  -0.09  -1.14  -0.76   0.25  -0.38  -0.66  -0.84  -1.54   0.41  -1.36  -0.01   1.33   0.59   2.08  -0.46
 1941   0.11   2.54  -0.30   3.42   0.09   0.04   1.17   3.61  -0.65  -0.98  -0.45  -0.24   1.26   0.54  -1.35  -1.73  -0.36   0.03  -0.03   1.91  -0.60   0.05  -0.54  -0.39  -0.12   0.18
 1942   0.52  -0.82   0.51   1.26  -0.70   0.83   0.05  -1.18   1.94   1.14  -0.67  -0.76   2.78   0.20   0.53   0.05  -0.98   2.30   0.81  -0.02  -0.85  -0.11  -0.52   0.17  -0.40  -0.23
 1943   0.14  -0.04   1.06  -0.23   0.86   0.14  -1.58   0.45  -0.97  -0.05  -0.61   1.23  -0.92  -0.80   0.63  -1.67  -0.78  -0.85  -1.16  -1.33  -0.25   0.39   0.34  -0.67  -0.59  -0.79
 1944   0.02   1.02   1.34   0.28  -0.46  -0.31  -0.39  -0.13   7.01   0.61  -0.40   1.92  -0.90   5.73  -0.36   3.78   3.91   0.55   1.22   0.36  -0.34  -0.48   0.59   0.75   0.06   0.39
 1945   0.30   0.83   0.82   1.16   0.85  -0.55  -0.11   0.82  -0.37   0.67   1.77   0.74  -0.10   0.34  -0.66   0.47   1.69  -1.13  -0.65   0.04  -1.09  -0.87  -0.20   0.76  -0.26   0.54
 1946  -0.43  -0.39   0.53  -0.41   0.07   0.07  -1.63  -0.86  -0.16  -0.41  -0.09  -1.73  -0.55  -1.07  -1.43  -0.64  -0.92   2.18  -0.03   2.63  -0.09  -0.40   3.28  -0.38  -0.36   0.03
 1947  -0.20   0.25   1.09  -0.07  -0.34  -0.52   1.44  -0.20  -0.13   0.11   1.07   1.38  -0.00   1.08  -0.63  -1.34  -0.66  -0.71   0.10  -1.09  -0.63   2.49   0.90   0.47   1.25  -0.41
 1948  -0.34  -0.18   0.86   0.22   1.06  -0.93  -0.01  -1.13   0.38  -1.17  -1.71   0.42   1.43  -0.27   1.27   1.96  -0.78  -0.99  -1.57   0.81  -0.82  -0.14   0.01   2.39  -0.33   1.06
 1949   3.09   0.79  -0.16  -0.22  -0.38   0.56   3.48   0.65  -0.93  -0.44   1.96  -0.78   0.74  -0.16   0.88  -0.99  -0.26   1.61   3.80  -0.21   0.19  -0.53  -0.70  -0.52   0.18  -0.36
 1950  -0.07   0.13  -0.29   1.64   0.66  -0.28  -0.34  -0.40   1.13   2.02   0.56   0.13   2.68   0.69   2.02   1.19  -0.10  -0.58   0.67   0.89  -0.66  -0.08  -0.47  -0.23  -0.31  -0.47
 1951  -0.38  -0.37   0.11  -0.32   2.54   0.69   1.12   1.39   3.36   1.16   0.88  -1.05   4.50   2.98  -0.62   0.45   5.98   3.09   1.47   1.44   1.33   0.73   0.26   0.45   0.99   0.18
 1952   0.43   1.31  -0.05   1.40   0.47   1.30  -0.41   0.80  -0.94   0.40   2.02  -1.34  -0.86   1.19  -1.30   1.60  -0.23  -0.10  -0.64  -1.07  -0.96  -1.02  -0.91   0.43  -0.64   0.66
 1953  -0.24   0.01   0.29   1.93  -0.37  -0.57   0.52   1.41   2.50   2.65   0.04   0.60  -1.28  -0.14   1.36   2.66  -0.16   0.71  -1.07  -1.06  -1.11  -0.53  -0.92   1.36   2.65  -0.46
 1954  -0.37  -0.40  -0.47   2.34  -0.38   0.23   0.33  -0.33   2.02  -0.58   3.41  -1.50   2.05  -0.71  -0.81   0.89   2.02   0.59  -0.62  -0.15  -0.28   0.59  -0.89   0.04  -0.37  -0.60
 1955  -0.44  -0.13   0.21   0.54  -0.82  -0.54  -0.60  -1.55  -0.57  -1.90  -1.17   0.11   0.99  -0.86  -1.73  -2.31  -2.43  -1.39  -1.71  -0.37  -1.51  -0.92  -0.85  -0.81   1.42  -0.95
 1956  -0.58  -0.26  -0.39  -0.80  -1.17  -1.55  -0.75  -1.18   0.35  -0.71  -1.86  -2.15  -1.79   1.90  -1.21  -0.09  -1.23  -1.61  -1.50  -1.42  -1.69  -0.34  -0.44  -0.68  -0.28  -0.99
 1957  -0.27  -0.86  -0.78  -0.52  -1.67   1.01   0.16  -1.05  -1.12   3.08  -1.43   0.04  -0.10   1.77  -1.30   0.08  -1.43   0.07   1.15   0.24   0.08   0.76   0.87  -0.58  -0.60  -0.54
 1958  -0.49  -0.34  -0.30  -0.39   2.50  -0.86   1.92  -0.89   1.40  -1.17  -0.98  -0.58  -1.42   2.01   1.25  -0.98  -1.21  -1.22  -1.23  -1.36  -1.53  -1.05  -0.30  -0.78  -0.52  -0.91
 1959  -0.55  -0.39   0.09  -0.24  -0.67  -1.05   0.48   0.45   0.80  -0.14   2.39  -2.11   1.01  -1.06  -0.73   1.31  -0.18  -1.10  -0.35   0.10  -0.34   2.20   4.19  -0.26  -0.44   1.34
 1960   1.31  -0.14   0.35  -0.04   1.06   0.54   2.21  -0.77   4.55   1.64   0.45   0.39   0.42   0.91  -0.58  -0.75   2.47   4.74   0.03  -0.68  -0.38   0.87  -0.48   1.11   0.35   0.00
 1961   0.47  -0.17   0.30   0.46   1.85  -0.58  -0.09  -0.04   0.44   1.01  -0.49  -0.04  -1.47   0.65   0.94  -1.08  -0.11  -0.90   0.63  -0.61  -0.22  -0.15  -0.26  -0.67   0.24  -0.10
 1962  -0.52  -0.47  -0.53   2.14   0.88   0.81   0.05  -0.73  -0.14   1.52   2.57   5.15  -0.61   1.30   1.03   1.32  -1.00   3.45   0.27   0.62  -0.76  -0.44  -0.60  -0.74  -0.35   0.20
 1963   0.83  -0.35  -0.13  -0.27   0.18  -0.55  -1.70  -0.99   1.15  -0.84   2.96   0.84   0.64   3.21   2.26   1.60  -0.39   0.92  -0.24  -0.79  -0.67  -0.88  -0.84  -0.51  -0.26  -0.59
 1964   0.45  -0.49  -0.41  -0.25  -0.29   0.52   0.55  -0.91   1.66   0.31  -1.21   0.30   0.11   1.78  -0.98   2.35   2.46   2.80   0.18  -0.37  -0.69  -0.72  -0.04  -0.32  -0.20   0.29
 1965  -0.35  -0.29   1.81  -0.23  -0.52  -0.21   0.75  -0.79   0.09   0.32   1.82   0.72  -0.11   1.16  -0.61  -0.22   0.82   0.79   2.53   2.70   0.06  -0.45  -0.16  -0.34   0.23  -0.01
 1966  -0.26   0.29   1.57  -0.21   0.03  -0.04  -0.86   0.36  -0.55  -0.87   0.22  -0.02   0.31   0.61  -0.34   0.79   2.45   0.87  -0.77  -0.46   0.96  -0.48  -0.33  -0.53  -0.11   0.16
 1967   0.63  -0.40  -0.38  -0.51  -0.95  -1.14  -0.79  -0.92  -0.82  -0.87   0.64   3.74   3.15  -0.14  -0.01   0.35   0.88  -0.86  -0.86  -0.58  -0.94   0.26  -0.71  -0.62  -0.34  -0.29
 1968   0.44  -0.40  -0.49  -0.61  -1.15  -1.28   0.65   0.06  -0.73  -1.39  -1.46  -2.28  -0.45  -1.41  -1.41  -0.68  -1.43   1.71   0.99  -0.80   6.23  -0.45   0.55  -0.28   0.10   2.64
 1969   0.56   1.50  -0.07   1.03   0.51   0.76  -0.44  -0.64  -0.41   0.02  -0.65  -0.40   3.04   2.21   0.69   0.44  -0.51   1.03   0.63   0.40   1.21   1.23  -0.37  -0.38  -0.02   0.79
 1970  -0.22  -0.09  -0.22  -0.23   0.75   0.11  -0.55   2.29  -0.76   0.36   1.15   0.50  -0.90  -0.86  -1.21  -0.46  -0.99  -1.24   0.48  -0.36   1.93   1.05   1.08   0.11   1.24  -0.26
 1971   0.10  -0.29  -0.26   3.24  -0.06   0.36  -0.50  -0.45  -0.08  -0.56  -0.17   5.45  -1.48   1.23  -0.77  -1.26  -1.43  -1.44  -0.75  -0.57  -1.38   3.23   1.40   0.23  -0.04   0.45
 1972  -0.34  -0.07   0.74  -0.38  -0.52  -0.87  -0.75  -0.14   5.14   0.53   0.91   1.89  -0.61   0.06   2.45   0.46  -0.57   0.33  -0.26  -0.22  -0.51   1.89  -0.15  -0.45  -0.22   1.34
 1973  -0.29   1.42  -0.20   0.55   1.24   1.98   1.63   1.61  -0.53  -1.06   2.93  -0.94  -0.10  -0.04   0.72  -1.33  -1.73   1.45  -0.19   2.11  -0.21  -0.27  -0.15   1.03  -0.09   0.31
 1974  -0.23  -0.44  -0.41  -0.43  -0.68  -0.47   0.00  -0.91  -1.57  -0.35  -1.41   0.16  -1.09  -1.50  -1.73   0.90  -1.06   0.36  -0.66  -1.19  -1.48  -0.17  -0.81  -0.65  -0.15  -0.88
 1975   0.31   0.18  -0.37  -0.80  -1.17  -0.40   0.45  -0.05  -0.10  -1.46  -1.50  -0.13   0.36  -1.54  -1.95  -1.09   1.64  -1.08  -1.17  -0.79  -1.49  -0.88   0.76   2.00  -0.64  -0.63
 1976  -0.03  -0.61  -0.45  -0.50  -0.48  -1.24  -0.61  -1.02   0.58  -1.41  -1.18  -2.54  -0.59  -0.91  -0.77  -1.80  -0.66  -1.10  -1.20  -0.93  -1.00  -0.81  -0.91  -0.85  -0.53  -1.00
 1977  -0.70  -0.72  -0.80  -0.12  -0.19  -0.43   0.58   1.64  -0.95  -1.70   0.01  -1.15  -1.20  -1.42  -0.15   0.52  -1.03   0.83  -1.54   2.23  -0.40  -0.21   0.89  -0.59  -0.49   0.79
 1978  -0.46  -0.36   0.53   0.50  -0.71  -0.95  -0.84   0.68   0.46  -0.35   0.29  -1.57  -1.47   1.98   3.33  -0.55   0.53  -1.39  -0.96  -1.13  -0.85  -0.97  -0.41  -0.26   0.81  -0.67
 1979  -0.15   1.36  -0.49  -0.23   0.47   2.98  -0.28   0.18   0.03   3.82   0.05   0.18   0.71  -0.66   0.76   2.60   2.54   1.01   0.66   0.06  -0.49   3.57   0.84   3.17   0.00   0.25
 1980   0.31  -0.01   0.37   0.15   0.11  -0.61   1.93  -0.88  -1.14   0.24  -0.76  -1.14  -1.24  -1.72  -1.28   4.42   0.16  -0.65  -0.07  -1.25  -0.42   0.27  -0.72  -0.44  -0.50  -0.64
 1981  -0.57  -0.64   0.12  -0.97  -1.02  -1.72   0.60  -1.75  -1.24  -0.58  -1.66  -1.15  -1.53  -1.69   2.99  -0.31  -0.97  -0.58  -1.73  -0.40  -0.65  -0.25  -1.36   1.72   0.02  -0.72
 1982  -0.10   1.25  -0.31  -0.73  -0.62  -0.46  -0.25  -0.79  -0.89   2.22   1.66  -0.72   0.22  -0.03  -0.41  -0.66  -1.27  -0.44  -0.86   1.42   2.72  -0.49   3.11   0.14   0.19   3.28
 1983   1.58   0.15   0.51   0.44   1.21   2.15   1.27   1.75   0.56   0.82  -1.16   0.82   2.92  -0.64   0.02  -0.51  -1.21  -1.24  -0.60   0.94   0.25  -0.48   0.96   1.43  -0.46  -0.42
 1984   0.03  -0.44  -0.26   0.95   5.07  -0.41   1.68   2.27   2.66  -0.55   0.05   0.18   2.99   0.53   0.05  -1.13  -0.61  -0.58  -0.79   1.21   3.22  -0.36   0.07  -0.40   0.38  -0.31
 1985  -0.08  -0.18   0.82  -0.35   0.01  -0.41   1.71   2.27   0.15   0.13  -1.06  -1.36   2.64  -0.55  -0.78   1.50   1.76  -0.10   2.84   0.61   0.25  -0.33   0.41   0.27  -0.01  -0.27
 1986  -0.10  -0.04   0.94  -0.26  -0.54   1.36  -0.11   1.34   0.32   2.34   0.67   0.55   1.22  -0.16   0.86  -0.64   1.29  -0.57   4.61   2.04   0.14   0.52   0.23  -0.25   0.42  -0.15
 1987  -0.05   0.23  -0.13  -0.18  -0.47   4.94   0.11  -0.27  -1.09  -1.12  -0.19  -0.42   0.75   0.40   1.51  -0.81   0.54  -0.73   1.79  -0.82  -0.93  -0.35   0.20   0.18   1.69  -0.23
 1988  -0.26   1.18  -0.06  -0.37  -0.92  -0.75   0.13   0.41   0.36  -1.36   1.16  -1.63  -2.13   1.04  -1.35  -0.11   0.66  -1.24   0.65  -0.13  -1.11  -0.93  -0.32  -0.11  -0.56  -0.84
 1989   0.22  -0.62  -0.45  -0.28  -0.62  -0.84  -1.60  -1.31  -0.98  -1.22  -2.49  -2.15  -0.65  -1.09  -1.32  -1.89   0.23   1.32  -1.21  -1.32  -1.40  -0.97  -1.04  -0.38  -0.03  -0.81
 1990  -0.75   0.16  -0.66  -0.76  -0.41  -1.33  -1.71  -1.09  -0.55   3.41  -0.31  -1.16  -1.87  -0.47  -1.11  -1.34   0.37  -1.38  -1.07  -0.47   0.02  -0.02  -0.50  -0.70   0.13  -0.85
 1991  -0.24  -0.54  -0.60  -0.43  -1.53  -0.87  -1.57   0.85   2.43  -0.89   2.06   0.26  -0.57  -0.89  -0.88  -0.63  -1.25  -1.62  -0.03  -0.19  -1.26   1.90   0.08   1.04   0.48  -0.56
 1992   0.96  -0.42  -0.49   1.71   3.37  -0.71  -0.21   0.93  -0.84   0.66  -0.60   0.50   0.62   1.60   1.86   3.21   4.01   3.45   0.16   1.61   4.45   1.68   0.11   0.51   2.22   0.24
 1993   0.20   0.54  -0.02   1.87  -0.11  -0.11   1.96   2.11  -0.06   0.49   3.62  -0.47   1.71   4.39   2.41   0.01   2.61   1.61   1.02  -0.44   0.75  -0.05   1.63   0.71   0.64   0.14
 1994   0.06   1.52   0.19   1.40  -0.13  -0.80  -0.41   0.47   0.82  -0.77  -0.90  -0.42   1.20   2.12   0.22  -0.09   0.48   1.40   1.34   0.28  -0.66  -0.68  -0.81   0.53   0.89  -0.08
 1995  -0.34  -0.01  -0.31  -0.46  -0.20   1.90   1.80   4.49   1.66   0.39   3.67  -0.90  -0.35   0.78  -0.74  -0.46   3.31  -0.70   2.06   2.45  -0.26   3.71   0.18   0.28   0.08  -0.11
 1996   0.20   0.80  -0.07  -0.13  -0.07   0.28  -0.44  -0.07   0.17  -0.33   1.67  -0.40  -0.48  -0.54   4.60   2.13  -0.60   0.36   0.03   1.30   0.71   0.63   3.83   0.83   0.24   1.20
 1997   0.94   0.18   1.73  -0.03   0.04  -0.05  -0.44   0.72   1.50  -0.83   4.63  -0.61  -0.59   4.14   0.49  -0.65   0.51   0.07   3.25  -0.81   3.01   1.27  -0.11  -0.21   0.38   0.38
 1998   0.08   0.62  -0.08   0.18   1.91   0.03   4.08   1.20   0.30   0.10   0.47   1.41   0.93   2.26  -0.63   1.62  -0.30  -1.01  -1.45   3.32   0.25   2.74   2.47  -0.39  -0.43   0.37
 1999   0.53  -0.10  -0.40   1.60   0.62  -0.57   2.17   2.23   0.50  -0.02   3.05   3.16   3.71   1.93   8.22  -0.26  -0.61  -0.52  -1.00  -0.14  -0.92  -0.83  -1.30  -0.46  -0.58  -0.69
 2000  -0.54  -0.60  -0.48   1.56  -0.87  -0.79  -1.19   0.08  -0.95   1.16  -0.29  -0.80   1.06  -0.76  -0.44  -0.66   1.42  -1.25  -0.39  -0.68  -1.22   2.13   4.25  -0.29  -0.32  -0.40
 2001   1.25  -0.25   1.27  -0.05  -0.47  -0.49  -0.14   0.98   2.86  -1.11   0.48  -1.13   0.23   3.27   0.59  -0.74  -0.13   0.25   2.24  -0.61   1.15  -0.54  -1.15   6.09  -0.37  -0.20
 2002  -0.17  -0.17   0.70  -0.30  -0.22  -0.61  -0.86  -0.20  -0.08   0.97  -1.19  -1.38  -1.12  -1.40  -1.65   1.93   0.19  -0.86  -0.37   0.67  -0.23   0.75  -0.65  -0.48  -0.61  -0.51
 2003  -0.31  -0.06  -0.55  -0.12  -0.61  -1.66   1.18  -0.64   1.41   0.07 -99.00 -99.00 -99.00 -99.00 -99.00 -99.00 -99.00 -99.00 -99.00 -99.00 -99.00 -99.00 -99.00 -99.00 -99.00 -99.00
