1893 1 2.689679
1893 14 -1.172277
1893 27 1.099479
1893 40 1.967015
1894 1 -0.343903
1894 14 -1.938847
1894 27 -5.556932
1894 40 -2.245150
1895 1 -2.741184
1895 14 0.913113
1895 27 2.815784
1895 40 -1.609028
1896 1 -1.321482
1896 14 9.294193
1896 27 4.212568
1896 40 6.180539
1897 1 5.769679
1897 14 2.069287
1897 27 0.275829
1897 40 2.940665
1898 1 1.434997
1898 14 5.618103
1898 27 2.426366
1898 40 1.536991
1899 1 1.807590
1899 14 7.242019
1899 27 -0.074919
1899 40 -0.163453
1900 1 1.142649
1900 14 0.208388
1900 27 8.247172
1900 40 1.837313
1901 1 2.629679
1901 14 1.317121
1901 27 6.920022
1901 40 3.462557
1902 1 2.779679
1902 14 -0.571734
1902 27 8.541435
1902 40 2.012838
1903 1 0.269679
1903 14 5.601953
1903 27 6.684470
1903 40 2.261317
1904 1 0.479679
1904 14 4.336919
1904 27 3.765434
1904 40 2.107814
1905 1 3.116342
1905 14 8.573854
1905 27 5.482979
1905 40 4.150795
1906 1 3.049679
1906 14 -1.363464
1906 27 13.276590
1906 40 4.716511
1907 1 0.779679
1907 14 2.954857
1907 27 5.327449
1907 40 -0.306205
1908 1 0.823237
1908 14 4.712410
1908 27 2.731978
1908 40 2.784533
1909 1 1.876174
1909 14 4.684381
1909 27 6.794083
1909 40 4.455107
1910 1 -0.250321
1910 14 -5.082791
1910 27 3.846885
1910 40 -0.750844
1911 1 -2.027583
1911 14 -2.163159
1911 27 0.633293
1911 40 3.812252
1912 1 1.058439
1912 14 -2.900308
1912 27 4.914745
1912 40 -1.015056
1913 1 0.168856
1913 14 8.684895
1913 27 -1.321403
1913 40 -3.246761
1914 1 -2.944189
1914 14 0.862744
1914 27 1.089514
1914 40 -2.281198
1915 1 1.366612
1915 14 8.440299
1915 27 9.026413
1915 40 2.824877
1916 1 1.319679
1916 14 5.554267
1916 27 3.806039
1916 40 0.581054
1917 1 2.674124
1917 14 5.241794
1917 27 0.952460
1917 40 -0.448247
1918 1 -0.102294
1918 14 3.798788
1918 27 2.156089
1918 40 2.559465
1919 1 2.610708
1919 14 2.342337
1919 27 -0.284594
1919 40 2.827437
1920 1 0.672095
1920 14 10.819802
1920 27 -0.182075
1920 40 1.594153
1921 1 -1.796169
1921 14 -2.706572
1921 27 2.589943
1921 40 -0.592594
1922 1 -0.392280
1922 14 -0.741955
1922 27 -2.445392
1922 40 -0.752485
1923 1 -1.851966
1923 14 2.597268
1923 27 11.848843
1923 40 0.385123
1924 1 2.529679
1924 14 2.241245
1924 27 3.294521
1924 40 0.993377
1925 1 0.206965
1925 14 -0.826414
1925 27 -2.873215
1925 40 -1.615896
1926 1 -3.092310
1926 14 -7.027626
1926 27 0.603820
1926 40 -0.522768
1927 1 2.946088
1927 14 4.584557
1927 27 4.025168
1927 40 0.111134
1928 1 2.467329
1928 14 -0.571806
1928 27 0.114438
1928 40 1.632137
1929 1 0.103728
1929 14 5.746195
1929 27 2.760042
1929 40 1.893070
1930 1 -0.046064
1930 14 2.317717
1930 27 -0.214164
1930 40 2.260085
1931 1 -0.285933
1931 14 -4.040115
1931 27 -5.986284
1931 40 -0.162437
1932 1 -0.598487
1932 14 1.087955
1932 27 -1.144764
1932 40 -1.178061
1933 1 0.021147
1933 14 -4.718715
1933 27 1.844688
1933 40 -2.559310
1934 1 -0.785885
1934 14 -4.568270
1934 27 -2.435975
1934 40 -2.061081
1935 1 -1.644891
1935 14 2.816510
1935 27 -0.962521
1935 40 -1.018145
1936 1 3.342759
1936 14 -4.580399
1936 27 -6.218435
1936 40 -2.515897
1937 1 -0.866591
1937 14 -2.265468
1937 27 -3.580778
1937 40 0.401970
1938 1 0.467593
1938 14 -2.145382
1938 27 4.492559
1938 40 -0.803799
1939 1 2.280976
1939 14 -0.233348
1939 27 -2.707092
1939 40 -4.366584
1940 1 -0.507084
1940 14 -1.832481
1940 27 -5.392235
1940 40 1.277981
1941 1 1.568640
1941 14 2.104558
1941 27 -0.470538
1941 40 -1.087237
1942 1 1.297496
1942 14 1.713031
1942 27 2.394790
1942 40 -1.182619
1943 1 0.617337
1943 14 -1.307765
1943 27 -4.231010
1943 40 -2.005068
1944 1 -0.270242
1944 14 4.327102
1944 27 10.463979
1944 40 1.314166
1945 1 2.113222
1945 14 2.416344
1945 27 0.631708
1945 40 -0.605995
1946 1 -0.364510
1946 14 -3.389219
1946 27 -1.436066
1946 40 2.234762
1947 1 -0.556440
1947 14 2.350370
1947 27 -2.402507
1947 40 1.431389
1948 1 -0.640859
1948 14 -1.563087
1948 27 -1.957308
1948 40 1.754140
1949 1 3.621566
1949 14 -0.546583
1949 27 4.017720
1949 40 -1.499925
1950 1 0.480154
1950 14 4.423627
1950 27 2.248975
1950 40 -0.299222
1951 1 2.142118
1951 14 8.123720
1951 27 10.372051
1951 40 3.474833
1952 1 2.799679
1952 14 -1.861148
1952 27 -0.215438
1952 40 -1.628300
1953 1 -0.220480
1953 14 3.872532
1953 27 2.584092
1953 40 0.101880
1954 1 0.881914
1954 14 3.027046
1954 27 0.655370
1954 40 -0.892989
1955 1 -1.449222
1955 14 -2.459002
1955 27 -9.219431
1955 40 -2.299634
1956 1 -4.104998
1956 14 -5.032632
1956 27 -4.620485
1956 40 -3.769391
1957 1 -2.467123
1957 14 1.082858
1957 27 -1.316606
1957 40 -0.520347
1958 1 -0.790737
1958 14 -2.932819
1958 27 -3.094455
1958 40 -3.895072
1959 1 -1.047032
1959 14 0.806562
1959 27 -2.630276
1959 40 3.917911
1960 1 1.284969
1960 14 5.341137
1960 27 4.308398
1960 40 0.265519
1961 1 0.771878
1961 14 -2.012067
1961 27 0.215844
1961 40 -0.535607
1962 1 1.560314
1962 14 7.032795
1962 27 5.358593
1962 40 -1.391360
1963 1 -0.249122
1963 14 2.908100
1963 27 4.236181
1963 40 -2.025816
1964 1 -0.052356
1964 14 0.289101
1964 27 6.214769
1964 40 -0.125223
1965 1 0.104713
1965 14 1.846007
1965 27 6.514797
1965 40 -0.939007
1966 1 0.657899
1966 14 -1.094047
1966 27 2.857557
1966 40 -0.100721
1967 1 -1.600585
1967 14 6.426734
1967 27 -1.030008
1967 40 -2.196471
1968 1 -2.952256
1968 14 -4.327835
1968 27 -3.175446
1968 40 5.626954
1969 1 1.714217
1969 14 -0.038391
1969 27 2.212604
1969 40 1.713379
1970 1 -0.206308
1970 14 0.299238
1970 27 -2.647410
1970 40 2.389004
1971 1 0.877657
1971 14 1.611691
1971 27 -2.882235
1971 40 1.474787
1972 1 -1.990470
1972 14 4.336297
1972 27 1.885085
1972 40 1.846712
1973 1 5.113336
1973 14 -0.091178
1973 27 1.602232
1973 40 -0.022417
1974 1 -1.506197
1974 14 -3.008912
1974 27 -2.866560
1974 40 -3.162737
1975 1 -1.989054
1975 14 -1.123195
1975 27 -5.006701
1975 40 -1.035430
1976 1 -1.877309
1976 14 -5.409352
1976 27 -5.884481
1976 40 -3.412914
1977 1 -1.173141
1977 14 -2.643628
1977 27 -2.014767
1977 40 0.576861
1978 1 -1.815757
1978 14 -2.258141
1978 27 0.114003
1978 40 -1.274749
1979 1 2.598297
1979 14 3.216184
1979 27 5.266936
1979 40 4.078418
1980 1 0.119679
1980 14 -4.356681
1980 27 -0.595787
1980 40 -2.240894
1981 1 -1.752712
1981 14 -5.809408
1981 27 -2.492971
1981 40 -1.156295
1982 1 -1.501256
1982 14 2.027658
1982 27 -2.267677
1982 40 5.130518
1983 1 4.348315
1983 14 4.383048
1983 27 -2.980561
1983 40 0.546266
1984 1 1.855394
1984 14 6.715916
1984 27 -2.119585
1984 40 1.715031
1985 1 1.098991
1985 14 0.617187
1985 27 4.702484
1985 40 0.801064
1986 1 1.267894
1986 14 4.655649
1986 27 4.091934
1986 40 1.161217
1987 1 3.991114
1987 14 -3.051015
1987 27 1.117549
1987 40 -0.665038
1988 1 -1.773482
1988 14 -3.570167
1988 27 -0.607032
1988 40 -3.002850
1989 1 -2.532871
1989 14 -6.424456
1989 27 -4.224621
1989 40 -2.735202
1990 1 -3.106814
1990 14 -1.147130
1990 27 -5.594725
1990 40 -1.037477
1991 1 -2.266050
1991 14 2.445727
1991 27 -4.438541
1991 40 0.735914
1992 1 1.630708
1992 14 -0.346839
1992 27 9.955828
1992 40 8.026691
1993 1 2.049679
1993 14 5.697800
1993 27 8.397214
1993 40 2.567303
1994 1 0.939679
1994 14 -0.972836
1994 27 3.985633
1994 40 -0.104162
1995 1 3.128336
1995 14 5.772801
1995 27 3.563575
1995 40 3.721910
1996 1 0.379679
1996 14 -1.313246
1996 27 5.580294
1996 40 4.949162
1997 1 1.099679
1997 14 2.798519
1997 27 5.771715
1997 40 3.156868
1998 1 2.989679
1998 14 4.412429
1998 27 -0.704416
1998 40 3.625369
1999 1 0.182578
1999 14 12.550467
1999 27 4.957595
1999 40 -2.145631
2000 1 -0.530658
2000 14 1.322840
2000 27 -0.522810
2000 40 3.597676
2001 1 0.547771
2001 14 0.327651
2001 27 4.327988
2001 40 2.924295
2002 1 -0.520321
2002 14 -3.880724
2002 27 -1.917250
2002 40 -0.612018
2003 1 -1.207647
2003 14 -2.055609
2003 27 -99.000000
2003 40 -99.000000
