 1893   1.12   0.63   0.81   1.47
 1894  -0.11  -0.46  -1.48  -1.89
 1895  -2.40   0.24   0.97  -0.48
 1896  -0.78   2.46   3.16   5.10
 1897   6.58   5.93   4.93   5.23
 1898   4.88   5.48   5.15   4.84
 1899   4.72   5.78   4.71   3.79
 1900   3.58   2.99   4.70   4.60
 1901   4.86   4.32   5.43   5.86
 1902   5.95   4.73   6.21   5.90
 1903   4.94   5.53   6.35   6.12
 1904   5.21   5.41   5.46   5.33
 1905   5.66   6.90   7.15   7.54
 1906   7.44   5.76   8.34   8.75
 1907   7.49   6.91   7.11   5.71
 1908   5.02   5.35   5.13   5.33
 1909   5.15   5.45   6.32   6.99
 1910   5.62   3.35   3.79   2.82
 1911   1.52   0.71   0.75   2.17
 1912   2.21   1.10   2.24   1.45
 1913   1.26   3.32  -0.27  -1.18
 1914  -1.83  -1.33  -0.85  -1.39
 1915   0.57   2.70   4.68   4.98
 1916   4.62   5.25   5.34   4.61
 1917   4.89   5.39   4.67   3.65
 1918   2.95   3.42   3.39   3.82
 1919   4.21   4.07   3.26   3.82
 1920   3.40   5.65   4.58   4.40
 1921  -0.55  -0.96  -0.19  -0.33
 1922  -0.38  -0.44  -0.84  -0.92
 1923  -1.32   0.69   3.80   3.27
 1924   3.73   3.65   3.89   3.58
 1925   0.09  -0.16  -0.71  -1.04
 1926  -1.80  -2.85   0.17  -0.16
 1927   1.23   2.22   2.91   2.43
 1928   3.02   2.33   1.94   2.25
 1929   1.89   3.06   3.26   3.44
 1930   2.80   2.90   2.32   2.82
 1931  -0.09  -0.86  -1.88  -1.59
 1932  -1.49  -1.00  -1.05  -1.22
 1933  -1.00  -1.74  -1.03  -1.62
 1934  -1.57  -2.18  -2.28  -2.50
 1935  -2.56   0.74  -0.19  -0.46
 1936   1.39  -0.89  -1.99  -2.39
 1937  -2.23  -2.27  -2.59   0.16
 1938   0.33  -0.42   1.23   0.70
 1939   1.52  -0.05  -0.58  -1.79
 1940  -1.62  -1.69  -2.48   0.52
 1941   1.08   1.44  -0.09  -0.40
 1942   0.54   0.89   1.39  -0.35
 1943  -0.08  -0.31  -1.10  -1.50
 1944  -0.08   1.14   3.80   3.64
 1945   3.86   3.80   3.28  -0.18
 1946  -0.25  -0.86  -0.96   0.91
 1947  -0.17   0.62  -0.48   0.58
 1948  -0.20  -0.46  -0.75   0.71
 1949   2.09   1.58   2.39   1.39
 1950   1.33   2.26   2.47   1.91
 1951   2.45   4.15   6.24   6.52
 1952   6.50   4.86   3.93   2.60
 1953   2.04   2.69   2.91   2.43
 1954   2.35   2.73   2.41  -0.27
 1955  -0.65  -0.99  -2.67  -2.89
 1956  -3.63  -3.97  -4.20  -4.58
 1957  -4.52  -3.49  -3.14  -2.74
 1958  -2.49  -2.62  -2.78  -3.45
 1959  -3.16  -2.43  -2.53   1.59
 1960   1.84   2.92   3.57   3.03
 1961   2.80   1.79   1.53   1.05
 1962   1.51   3.09   4.00   2.74
 1963   2.15   2.53   3.23   1.87
 1964   1.51   1.31   2.78   2.22
 1965   1.86   2.01   3.43   2.45
 1966   2.28   1.60   2.09   1.67
 1967   0.75   2.31  -0.21  -0.82
 1968  -1.58  -2.14  -2.40   2.29
 1969   2.59   2.11   2.33   2.60
 1970   2.05   1.76   0.76   1.60
 1971   1.67   1.80  -0.58   0.60
 1972  -0.61   1.15   1.45   1.94
 1973   3.72   3.02   2.91  -0.01
 1974  -0.47  -0.95  -1.36  -2.07
 1975  -2.31  -2.12  -2.75  -2.57
 1976  -2.69  -3.27  -3.87  -4.21
 1977  -3.82  -3.66  -3.41  -2.62
 1978  -2.71  -2.67  -2.17  -2.17
 1979   1.08   1.74   2.86   4.00
 1980   0.05  -0.85  -0.79  -1.29
 1981  -1.60  -2.45  -2.51  -2.41
 1982  -2.44   0.54  -0.46   2.09
 1983   3.52   4.04   2.54   2.30
 1984   2.66   3.95   2.69   2.90
 1985   2.83   2.48   3.32   3.04
 1986   3.02   3.70   4.15   3.87
 1987   4.83  -0.59  -0.23  -0.38
 1988  -0.84  -1.35  -1.24  -1.92
 1989  -2.35  -3.19  -3.47  -3.67
 1990  -3.97  -3.49  -4.00  -3.60
 1991  -3.65  -2.50  -2.95   0.30
 1992   0.92   0.67   3.27   5.94
 1993   5.72   6.19   7.36   7.07
 1994   6.18   4.82   5.03   4.08
 1995   4.64   5.33   5.34   5.88
 1996   4.97   3.75   4.59   5.77
 1997   5.18   4.98   5.66   5.92
 1998   6.09   6.15   4.86   5.45
 1999   4.54   7.03   7.11   5.01
 2000   3.89   3.54   2.76   3.72
 2001   3.28   2.77   3.45   4.01
 2002  -0.16  -0.88  -1.08  -1.03
 2003  -1.22  -1.40 -99.00 -99.00
