 Year  Week        P         PE         PR         PRO        PL        P-PE 
 1893     1   3.840000   0.000000   0.000000  12.180000   0.000000   3.840000
 1893    14   6.790000   8.245429   0.000000  12.180000   7.650566  -1.455429
 1893    27   7.020000  13.205583   1.418037  10.761963  10.761963  -6.185583
 1893    40   4.460000   0.200578   6.883473   5.296527   0.087222   4.259422
 1894     1   1.830000   0.000000   2.624052   9.555949   0.000000   1.830000
 1894    14   7.820001  10.249504   0.794052  11.385949   8.887099  -2.429503
 1894    27   2.610000  14.911091   3.012996   9.167004   9.167004 -12.301091
 1894    40   2.810000   1.142957  12.180000   0.000000   0.000000   1.667043
 1895     1   2.510000   0.000000  10.512958   1.667043   0.000000   2.510000
 1895    14  11.800000  10.010312   8.002958   4.177043   3.350258   1.789688
 1895    27  11.009999  13.049370   6.213269   5.966731   5.913463  -2.039371
 1895    40   1.100000   0.182498   7.637102   4.542899   0.068068   0.917502
 1896     1   2.450000   0.000000   6.719600   5.460400   0.000000   2.450000
 1896    14  19.400000   9.902934   4.269600   7.910400   6.051136   9.497066
 1896    27   9.020000  12.204960   0.000000  12.180000  11.285013  -3.184959
 1896    40   7.310000   0.011238   3.005570   9.174430   0.008465   7.298762
 1897     1   6.920000   0.000000   0.000000  12.180000   0.000000   6.920000
 1897    14  10.410000   8.705602   0.000000  12.180000   8.072958   1.704398
 1897    27   6.389999  14.257992   0.000000  12.180000  12.180000  -7.867992
 1897    40   5.800000   0.456218   7.304118   4.875883   0.182633   5.343782
 1898     1   3.350000   0.000000   1.960336  10.219665   0.000000   3.350000
 1898    14  14.040000   8.804319   0.000000  12.180000   8.163570   5.235681
 1898    27   7.980000  13.600781   0.000000  12.180000  12.180000  -5.620781
 1898    40   3.370000   0.031009   5.241407   6.938594   0.017665   3.338991
 1899     1   3.700000   0.000000   1.902416  10.277585   0.000000   3.700000
 1899    14  15.620001   8.750919   0.000000  12.180000   8.114555   6.869082
 1899    27   5.200000  13.273996   0.000000  12.180000  12.180000  -8.073996
 1899    40   3.430000   1.184551   7.493208   4.686792   0.455808   2.245449
 1900     1   4.340000   0.000000   5.247759   6.932242   0.000000   4.340000
 1900    14   9.940000  10.191309   0.907759  11.272242   8.751671  -0.251310
 1900    27  14.710000  13.992152   1.159068  11.020932  11.020932   0.717848
 1900    40   3.020000   1.012803   0.441220  11.738780   1.011288   2.007197
 1901     1   3.780000   0.000000   0.000000  12.180000   0.000000   3.780000
 1901    14  10.360001   9.559424   0.000000  12.180000   8.856679   0.800577
 1901    27  13.460001  14.757240   0.000000  12.180000  12.180000  -1.297239
 1901    40   4.520000   0.549632   1.272835  10.907166   0.492194   3.970368
 1902     1   3.930000   0.000000   0.000000  12.180000   0.000000   3.930000
 1902    14   7.850000   8.804121   0.000000  12.180000   8.163388  -0.954121
 1902    27  13.320001  12.034390   0.954121  11.225880  11.050111   1.285611
 1902    40   2.820000   0.726448   0.000000  12.180000   0.726448   2.093552
 1903     1   1.420000   0.000000   0.000000  12.180000   0.000000   1.420000
 1903    14  13.780001   8.507803   0.000000  12.180000   7.891399   5.272198
 1903    27  11.380001  11.923254   0.000000  12.180000  11.026435  -0.543253
 1903    40   3.230000   0.716780   0.543253  11.636748   0.695431   2.513219
 1904     1   1.630000   0.000000   0.000000  12.180000   0.000000   1.630000
 1904    14  11.879999   7.735693   0.000000  12.180000   7.182680   4.144306
 1904    27   8.530000  12.097044   0.000000  12.180000  11.185957  -3.567045
 1904    40   4.350000   1.156085   3.356286   8.823715   0.837517   3.193915
 1905     1   4.330000   0.000000   0.162370  12.017630   0.000000   4.330000
 1905    14  15.840000   7.398945   0.000000  12.180000   6.873580   8.441055
 1905    27  10.630000  13.059848   0.000000  12.180000  12.069713  -2.429848
 1905    40   6.090000   1.192260   2.312455   9.867545   0.965901   4.897740
 1906     1   4.200000   0.000000   0.000000  12.180000   0.000000   4.200000
 1906    14   7.490001   9.329101   0.000000  12.180000   8.645267  -1.839100
 1906    27  19.490000  13.344006   1.770208  10.409792  10.409792   6.145994
 1906    40   5.480000   0.674349   0.000000  12.180000   0.674349   4.805651
 1907     1   1.930000   0.000000   0.000000  12.180000   0.000000   1.930000
 1907    14   9.569999   6.607334   0.000000  12.180000   6.146962   2.962665
 1907    27  10.360001  12.771678   0.000000  12.180000  11.805202  -2.411677
 1907    40   1.640000   1.206529   2.295776   9.884224   0.979114   0.433471
 1908     1   2.700000   0.000000   1.862305  10.317695   0.000000   2.700000
 1908    14  13.430000   9.163878   0.000000  12.180000   8.493609   4.266122
 1908    27   8.889999  14.309407   0.000000  12.180000  12.180000  -5.419407
 1908    40   5.420000   0.987680   5.056566   7.123434   0.577642   4.432319
 1909     1   3.270000   0.000000   0.624247  11.555754   0.000000   3.270000
 1909    14  12.450001   8.006297   0.000000  12.180000   7.431067   4.443704
 1909    27  12.360001  13.615183   0.000000  12.180000  12.180000  -1.255182
 1909    40   5.170000   0.162159   1.234231  10.945769   0.145727   5.007841
 1910     1   0.900000   0.000000   0.000000  12.180000   0.000000   0.900000
 1910    14   3.730000   9.279640   0.000000  12.180000   8.599866  -5.549640
 1910    27  11.440000  12.979279   5.176106   7.003894   7.003894  -1.539280
 1910    40   2.140000   0.916937   6.061242   6.118759   0.460633   1.223064
 1911     1   1.010000   0.000000   4.838178   7.341822   0.000000   1.010000
 1911    14   8.360000  10.476358   3.828178   8.351822   6.719910  -2.116359
 1911    27   8.650001  13.286238   5.502010   6.677990   6.677990  -4.636238
 1911    40   6.829999   0.378663   8.043943   4.136057   0.128586   6.451336
 1912     1   2.830000   0.000000   1.592607  10.587393   0.000000   2.830000
 1912    14   5.930000   9.300941   0.000000  12.180000   8.619419  -3.370942
 1912    27  11.369999  12.809161   3.176283   9.003717   9.003717  -1.439162
 1912    40   2.020000   1.729905   4.240143   7.939858   1.127684   0.290095
 1913     1   2.860000   0.000000   3.950047   8.229953   0.000000   2.860000
 1913    14  17.879999   9.508548   1.090047  11.089953   8.048509   8.371452
 1913    27   5.230000  14.770635   0.000000  12.180000  12.180000  -9.540636
 1913    40   1.140000   1.568179   8.839434   3.340566   0.430099  -0.428179
 1914     1   1.700000   0.000000   8.956869   3.223131   0.000000   1.700000
 1914    14  11.520000   9.908882   7.256869   4.923131   3.869517   1.611118
 1914    27  10.270000  14.567068   5.645751   6.534249   6.534249  -4.297068
 1914    40   1.430000   1.087353   8.143846   4.036154   0.360322   0.342647
 1915     1   5.560001   0.000000   7.801199   4.378801   0.000000   5.560001
 1915    14  17.840000   9.508141   2.241198   9.938802   7.244055   8.331859
 1915    27  13.720000  11.918362   0.000000  12.180000  11.021945   1.801638
 1915    40   4.320001   1.539532   0.000000  12.180000   1.495236   2.780468
 1916     1   2.470000   0.000000   0.000000  12.180000   0.000000   2.470000
 1916    14  13.240000   7.909156   0.000000  12.180000   7.341902   5.330844
 1916    27   9.810000  14.128777   0.000000  12.180000  12.180000  -4.318777
 1916    40   2.320000   0.338819   4.046299   8.133701   0.226261   1.981181
 1917     1   4.630000   0.000000   2.065118  10.114882   0.000000   4.630000
 1917    14  12.690000   7.620327   0.000000  12.180000   7.076786   5.069673
 1917    27   6.570000  13.675710   0.000000  12.180000  12.180000  -7.105710
 1917    40   2.000000   0.245835   6.604421   5.575580   0.112535   1.754165
 1918     1   2.940000   0.000000   4.850255   7.329745   0.000000   2.940000
 1918    14  13.560000  10.005447   1.910256  10.269745   7.853710   3.554554
 1918    27   7.690000  13.577657   0.000000  12.180000  12.180000  -5.887657
 1918    40   6.130000   1.871515   5.486372   6.693628   1.028508   4.258484
 1919     1   4.240000   0.000000   1.227888  10.952113   0.000000   4.240000
 1919    14  11.719999   9.966516   0.000000  12.180000   9.230349   1.753483
 1919    27   6.600000  15.161290   0.000000  12.180000  12.180000  -8.561290
 1919    40   5.460000   0.000000   7.940495   4.239505   0.000000   5.460000
 1920     1   2.790000   0.000000   2.480495   9.699505   0.000000   2.790000
 1920    14  18.730000   8.182101   0.000000  12.180000   7.592437  10.547899
 1920    27   5.170000  13.364460   0.000000  12.180000  12.180000  -8.194460
 1920    40   5.300000   1.267443   7.603782   4.576219   0.476198   4.032557
 1921     1   1.170000   0.422796   3.571224   8.608776   0.422796   0.747205
 1921    14   8.259999  11.216530   2.824020   9.355980   8.008959  -2.956531
 1921    27  11.200001  14.177332   5.166280   7.013720   7.013720  -2.977331
 1921    40   2.800000   1.179651   6.880744   5.299256   0.513241   1.620349
 1922     1   2.810000   0.000000   5.260395   6.919605   0.000000   2.810000
 1922    14   9.760000  10.758267   2.450395   9.729605   7.993910  -0.998267
 1922    27   6.180000  15.195043   3.448662   8.731338   8.731338  -9.015042
 1922    40   3.850000   1.429539   9.910381   2.269619   0.266380   2.420461
 1923     1   2.220000   0.000000   7.489920   4.690080   0.000000   2.220000
 1923    14  12.920000   9.941401   5.269920   6.910080   5.338620   2.978599
 1923    27  19.369999  14.573986   2.291321   9.888679   9.888679   4.796013
 1923    40   1.930000   1.598058   0.000000  12.180000   1.548956   0.331942
 1924     1   3.680000   0.000000   0.000000  12.180000   0.000000   3.680000
 1924    14  10.230000   8.277626   0.000000  12.180000   7.680120   1.952373
 1924    27   8.230000  12.527306   0.000000  12.180000  11.580894  -4.297306
 1924    40   3.190000   0.862341   4.026591   8.153409   0.577259   2.327659
 1925     1   2.020000   0.000000   1.698932  10.481068   0.000000   2.020000
 1925    14   9.390000  10.986424   0.000000  12.180000  10.166521  -1.596424
 1925    27   5.160000  15.607323   1.547457  10.632544  10.632544 -10.447323
 1925    40   2.100000   0.256413  10.667458   1.512542   0.031842   1.843587
 1926     1   1.500000   0.000000   8.823872   3.356129   0.000000   1.500000
 1926    14   4.809999  11.191567   7.323872   4.856129   4.226601  -6.381568
 1926    27  12.180000  14.825480  10.027650   2.152351   2.152351  -2.645480
 1926    40   3.430000   0.557952  10.495137   1.684863   0.077182   2.872048
 1927     1   7.070000   0.000000   7.623089   4.556911   0.000000   7.070000
 1927    14  13.519999   9.310651   0.553089  11.626911   8.250948   4.209347
 1927    27   9.440000  13.438040   0.000000  12.180000  12.180000  -3.998041
 1927    40   1.810000   0.397002   3.751896   8.428104   0.274711   1.412998
 1928     1   4.530000   0.000000   2.338898   9.841102   0.000000   4.530000
 1928    14   7.770000   8.706930   0.000000  12.180000   8.074177  -0.936930
 1928    27   6.630000  14.183275   0.936930  11.243070  11.243070  -7.553275
 1928    40   5.630000   1.487224   7.875246   4.304754   0.525627   4.142776
 1929     1   2.710000   0.000000   3.732470   8.447530   0.000000   2.710000
 1929    14  14.760002   9.305762   1.022471  11.157530   7.926603   5.454240
 1929    27   8.409999  13.713717   0.000000  12.180000  12.180000  -5.303719
 1929    40   4.110000   0.558689   4.950376   7.229625   0.331619   3.551311
 1930     1   1.650000   0.000000   1.399065  10.780936   0.000000   1.650000
 1930    14  11.860001  10.166693   0.000000  12.180000   9.414091   1.693308
 1930    27   7.030000  15.582875   0.000000  12.180000  12.180000  -8.552875
 1930    40   6.079999   1.276317   7.932770   4.247230   0.445058   4.803683
 1931     1   2.250000   0.165027   3.129088   9.050913   0.165027   2.084973
 1931    14   6.320001  10.913620   1.044115  11.135886   9.249862  -4.593620
 1931    27   4.130000  16.019961   5.034633   7.145367   7.145367 -11.889961
 1931    40   5.460000   1.777136  12.009850   0.170151   0.024826   3.682864
 1932     1   3.800000   0.000000   8.326986   3.853015   0.000000   3.800000
 1932    14  11.969999  10.734432   4.526986   7.653015   6.317185   1.235567
 1932    27   6.670000  14.336131   3.291419   8.888582   8.888582  -7.666131
 1932    40   1.970000   0.330369   8.608851   3.571150   0.096863   1.639631
 1933     1   3.890000   0.000000   6.969220   5.210781   0.000000   3.890000
 1933    14   5.780000  10.613222   3.079220   9.100781   7.393646  -4.833223
 1933    27  11.559999  14.622041   6.628653   5.551348   5.551348  -3.062042
 1933    40   1.320000   1.308428   8.024257   4.155744   0.446428   0.011572
 1934     1   3.490000   0.000000   8.012685   4.167315   0.000000   3.490000
 1934    14   8.070000  12.738127   4.522685   7.657315   7.415797  -4.668127
 1934    27   7.529999  14.392705   7.527601   4.652399   4.652399  -6.862705
 1934    40   2.590000   1.399718  10.148951   2.031049   0.233407   1.190282
 1935     1   3.000000   0.000000   8.958669   3.221331   0.000000   3.000000
 1935    14  11.210000   7.642799   5.958669   6.221331   3.847640   3.567201
 1935    27   7.900000  16.088406   2.391468   9.788533   9.788533  -8.188406
 1935    40   2.480000   0.712977   8.578294   3.601707   0.210832   1.767023
 1936     1   7.150000   0.000000   6.811271   5.368730   0.000000   7.150000
 1936    14   5.710000  11.076388   0.000000  12.180000  10.249099  -5.366388
 1936    27   6.560000  19.156811   5.007900   7.172100   7.172100 -12.596811
 1936    40   2.510000   1.113180  12.180000   0.000000   0.000000   1.396820
 1937     1   4.490000   0.000000  10.783180   1.396820   0.000000   4.490000
 1937    14   8.290000   9.991745   6.293180   5.886820   4.607639  -1.701745
 1937    27   8.210000  16.504799   7.574732   4.605268   4.605268  -8.294799
 1937    40   4.520001   0.659149  10.711002   1.468998   0.079498   3.860851
 1938     1   4.290000   0.000000   6.850151   5.329849   0.000000   4.290000
 1938    14   7.980000  10.292086   2.560151   9.619849   7.576057  -2.312085
 1938    27  14.320000  15.999047   4.488720   7.691280   7.691280  -1.679047
 1938    40   2.580000   1.642164   5.548985   6.631015   0.894024   0.937835
 1939     1   5.230000   0.000000   4.611150   7.568851   0.000000   5.230000
 1939    14  10.160000  11.201572   0.000000  12.180000  10.364005  -1.041572
 1939    27   5.190000  15.744157   1.038159  11.141841  11.141841 -10.554157
 1939    40   1.050000   2.011009  10.692735   1.487265   0.245559  -0.961009
 1940     1   4.860000   0.000000  10.810081   1.369919   0.000000   4.860000
 1940    14   8.410000   9.712245   5.950081   6.229919   4.740914  -1.302245
 1940    27   5.420000  15.645526   7.079861   5.100139   5.100139 -10.225526
 1940    40   6.210000   1.285689  11.361602   0.818398   0.086388   4.924311
 1941     1   5.230000   0.000000   6.437291   5.742710   0.000000   5.230000
 1941    14  12.270000  10.643003   1.207291  10.972710   8.895474   1.626996
 1941    27   6.350000  15.086187   0.000000  12.180000  12.180000  -8.736187
 1941    40   3.200000   1.718644   8.101032   4.078968   0.575558   1.481356
 1942     1   5.030000   0.000000   6.619677   5.560324   0.000000   5.030000
 1942    14  11.309999   9.880380   1.589676  10.590324   7.992259   1.429620
 1942    27   8.180000  13.779138   0.160057  12.019944  12.019944  -5.599138
 1942    40   1.560000   1.013135   5.321160   6.858840   0.570520   0.546865
 1943     1   3.630000   0.000000   4.774295   7.405706   0.000000   3.630000
 1943    14   8.310000  10.002467   1.144295  11.035706   8.417579  -1.692467
 1943    27   4.050000  15.218377   2.714852   9.465148   9.465148 -11.168377
 1943    40   2.910000   1.257602  11.393862   0.786138   0.081170   1.652397
 1944     1   4.680000   0.000000   9.741465   2.438536   0.000000   4.680000
 1944    14  14.590000   9.916912   5.061465   7.118535   5.479347   4.673088
 1944    27  16.189999  13.576845   0.388377  11.791623  11.791623   2.613154
 1944    40   2.420000   1.081596   0.000000  12.180000   1.074897   1.338404
 1945     1   3.270000   0.006457   0.000000  12.180000   0.006457   3.263543
 1945    14  10.020000   7.809353   0.000000  12.180000   7.250293   2.210647
 1945    27   6.570000  14.051782   0.000000  12.180000  12.180000  -7.481782
 1945    40   2.360000   0.692233   6.949616   5.230384   0.297262   1.667767
 1946     1   3.190000   0.343861   5.281850   6.898151   0.343861   2.846139
 1946    14   6.780000  10.370944   2.435710   9.744290   7.727606  -3.590944
 1946    27   7.210000  14.144161   5.295806   6.884195   6.884195  -6.934161
 1946    40   6.300001   1.099871   9.215027   2.964974   0.267741   5.200130
 1947     1   2.160000   0.000000   4.014897   8.165103   0.000000   2.160000
 1947    14  10.669999   8.310972   1.854897  10.325103   6.597337   2.359027
 1947    27   5.190001  15.991298   0.000000  12.180000  12.180000 -10.801298
 1947    40   5.950000   1.312702   9.996594   2.183407   0.235317   4.637299
 1948     1   2.600000   0.000000   5.359295   6.820705   0.000000   2.600000
 1948    14   8.970000  10.724939   2.759295   9.420705   7.723386  -1.754939
 1948    27   7.190000  15.322384   4.281226   7.898774   7.898774  -8.132384
 1948    40   5.640000   0.797074   9.555106   2.624894   0.171776   4.842926
 1949     1   6.610000   0.000000   4.712180   7.467820   0.000000   6.610000
 1949    14   9.189999  10.402955   0.000000  12.180000   9.630955  -1.212956
 1949    27   9.940001  13.337188   1.195472  10.984528  10.984528  -3.397188
 1949    40   1.550000   1.739615   4.259225   7.920776   1.131289  -0.189615
 1950     1   3.340000   0.000000   4.382533   7.797467   0.000000   3.340000
 1950    14  12.120000   7.723681   1.042533  11.137467   6.596149   4.396318
 1950    27   7.140000  12.415397   0.000000  12.180000  11.478172  -5.275397
 1950    40   1.990000   0.648405   4.924379   7.255622   0.386255   1.341595
 1951     1   4.690001   0.000000   3.582784   8.597217   0.000000   4.690001
 1951    14  15.869999   7.982779   0.000000  12.180000   7.409480   7.887220
 1951    27  15.269999  12.432823   0.000000  12.180000  11.494168   2.837175
 1951    40   3.770000   0.115666   0.000000  12.180000   0.115666   3.654333
 1952     1   3.950000   0.000000   0.000000  12.180000   0.000000   3.950000
 1952    14   7.760000  10.262590   0.000000  12.180000   9.502115  -2.502590
 1952    27   7.240000  14.445769   2.379225   9.800776   9.800776  -7.205769
 1952    40   1.830000   0.805414   8.177429   4.002572   0.264674   1.024586
 1953     1   3.720000   0.000000   7.152842   5.027158   0.000000   3.720000
 1953    14  12.970000   8.912634   3.432843   8.747158   6.032875   4.057367
 1953    27   9.029999  14.646943   0.000000  12.180000  12.180000  -5.616944
 1953    40   3.480000   1.748515   5.237885   6.942116   0.996584   1.731485
 1954     1   3.400000   0.000000   3.506399   8.673601   0.000000   3.400000
 1954    14  11.880001   9.305762   0.106399  12.073601   8.551288   2.574239
 1954    27   7.350000  14.938563   0.000000  12.180000  12.180000  -7.588563
 1954    40   2.720000   1.360737   7.047630   5.132370   0.573383   1.359263
 1955     1   1.920000   0.000000   5.688367   6.491634   0.000000   1.920000
 1955    14   8.630000  11.141467   3.768367   8.411634   7.171169  -2.511467
 1955    27   2.050000  16.991639   5.688107   6.491893   6.491893 -14.941639
 1955    40   1.690000   0.058372  12.180000   0.000000   0.000000   1.631628
 1956     1   1.160000   0.000000  10.548372   1.631628   0.000000   1.160000
 1956    14   6.630000  10.566885   9.388372   2.791628   2.407249  -3.936885
 1956    27   7.309999  14.779487  10.820376   1.359624   1.359624  -7.469487
 1956    40   1.960000   2.006061  11.654177   0.525823   0.086604  -0.046061
 1957     1   3.230000   0.000000  11.656166   0.523835   0.000000   3.230000
 1957    14  11.390000   9.298547   8.426166   3.753835   2.876258   2.091453
 1957    27   8.429999  14.829818   6.334712   5.845288   5.845288  -6.399819
 1957    40   4.050000   1.541252   9.482797   2.697203   0.341303   2.508748
 1958     1   3.080000   0.000000   6.974050   5.205951   0.000000   3.080000
 1958    14   7.300000  10.128002   3.894049   8.285951   6.460277  -2.828003
 1958    27   6.370000  14.701076   5.987542   6.192459   6.192459  -8.331075
 1958    40   0.800000   1.420578  10.223161   1.956840   0.228230  -0.620578
 1959     1   4.130000   0.000000  10.322863   1.857138   0.000000   4.130000
 1959    14  11.850000  10.556281   6.192863   5.987138   4.912848   1.293720
 1959    27   6.589999  15.048280   4.899143   7.280857   7.280857  -8.458280
 1959    40   7.860000   0.793061   9.745152   2.434848   0.158537   7.066939
 1960     1   3.480000   0.000000   2.678214   9.501787   0.000000   3.480000
 1960    14  14.380001   9.554543   0.000000  12.180000   8.852199   4.825458
 1960    27  10.970000  14.899839   0.000000  12.180000  12.180000  -3.929839
 1960    40   2.950000   1.536669   3.689294   8.490706   1.071216   1.413331
 1961     1   2.810000   0.000000   2.275964   9.904037   0.000000   2.810000
 1961    14   6.790000   9.266601   0.000000  12.180000   8.587898  -2.476601
 1961    27   7.400000  14.141585   2.355369   9.824631   9.824631  -6.741585
 1961    40   2.730000   0.728835   7.793266   4.386734   0.262496   2.001165
 1962     1   4.970000   0.000000   5.792101   6.387899   0.000000   4.970000
 1962    14  16.900000  10.373394   0.822101  11.357899   8.971155   6.526606
 1962    27  10.840000  13.516097   0.000000  12.180000  12.180000  -2.676097
 1962    40   1.090000   1.733164   2.538486   9.641514   1.371948  -0.643164
 1963     1   2.090000   0.000000   3.047606   9.132394   0.000000   2.090000
 1963    14  13.290000  10.959968   0.957606  11.222394   9.359172   2.330032
 1963    27  11.050000  15.078310   0.000000  12.180000  12.180000  -4.028310
 1963    40   0.670000   1.516262   3.779680   8.400320   1.045738  -0.846262
 1964     1   2.800000   0.000000   4.363332   7.816668   0.000000   2.800000
 1964    14  10.940000  11.138944   1.563332  10.616669   9.005161  -0.198944
 1964    27  13.000000  14.019065   1.762276  10.417724  10.417724  -1.019065
 1964    40   1.490000   0.664332   2.735460   9.444541   0.515132   0.825668
 1965     1   2.000000   0.000000   1.909792  10.270209   0.000000   2.000000
 1965    14  11.779999  10.643003   0.000000  12.180000   9.851295   1.136995
 1965    27  11.600000  12.904224   0.000000  12.180000  11.926866  -1.304224
 1965    40   1.170000   1.779483   1.279246  10.900754   1.592587  -0.609483
 1966     1   2.520000   0.000000   1.824716  10.355284   0.000000   2.520000
 1966    14   7.760000   9.329808   0.000000  12.180000   8.645916  -1.569808
 1966    27   9.669999  14.190224   1.523026  10.656974  10.656974  -4.520225
 1966    40   2.650000   0.966772   5.478027   6.701973   0.531961   1.683227
 1967     1   1.030000   0.000000   3.794800   8.385200   0.000000   1.030000
 1967    14  15.920000   9.508548   2.764800   9.415200   6.878582   6.411453
 1967    27   4.850000  13.983444   0.000000  12.180000  12.180000  -9.133444
 1967    40   1.480000   0.940801   8.465673   3.714327   0.286900   0.539199
 1968     1   1.290000   0.000000   7.926475   4.253525   0.000000   1.290000
 1968    14   6.380000  10.090648   6.636475   5.543525   4.391099  -3.710648
 1968    27   7.790000  14.912646   8.647632   3.532368   3.532368  -7.122646
 1968    40   9.809999   0.725770  10.713298   1.466703   0.087396   9.084230
 1969     1   3.500000   0.000000   1.629068  10.550932   0.000000   3.500000
 1969    14   9.510000  10.174119   0.000000  12.180000   9.420907  -0.664118
 1969    27   9.270000  14.977348   0.664118  11.515882  11.515882  -5.707348
 1969    40   4.430000   0.770854   5.930459   6.249541   0.395524   3.659146
 1970     1   1.830000   0.000000   2.271313   9.908687   0.000000   1.830000
 1970    14  10.600000  10.983907   0.441313  11.738687   9.802467  -0.383907
 1970    27   4.700000  15.223612   0.825220  11.354780  11.354780 -10.523612
 1970    40   6.220000   0.535046  10.176432   2.003569   0.088013   5.684955
 1971     1   3.780000   0.000000   4.491477   7.688523   0.000000   3.780000
 1971    14  11.810000  10.796946   0.711477  11.468523   9.420325   1.013055
 1971    27   3.500000  14.572290   0.000000  12.180000  12.180000 -11.072290
 1971    40   6.120000   1.361142  10.245337   1.934664   0.216203   4.758858
 1972     1   1.300000   0.000000   5.486479   6.693521   0.000000   1.300000
 1972    14  14.700001  10.215804   4.186479   7.993521   6.291537   4.484196
 1972    27   7.900001  14.141620   0.000000  12.180000  12.180000  -6.241620
 1972    40   4.130000   0.334594   5.811273   6.368727   0.174954   3.795406
 1973     1   7.050000   0.000000   2.015867  10.164133   0.000000   7.050000
 1973    14   9.530000  10.262626   0.000000  12.180000   9.502148  -0.732626
 1973    27   8.740000  15.031708   0.732626  11.447374  11.447374  -6.291709
 1973    40   3.240000   1.160359   6.529726   5.650274   0.538288   2.079640
 1974     1   1.380000   0.000000   4.450086   7.729915   0.000000   1.380000
 1974    14   7.210000  10.289674   3.070086   9.109915   7.185424  -3.079674
 1974    27   6.020000  14.333583   5.454813   6.725187   6.725187  -8.313583
 1974    40   1.560000   1.509622  10.045158   2.134842   0.264598   0.050378
 1975     1   3.060000   0.000000   9.994780   2.185220   0.000000   3.060000
 1975    14   9.540000   9.980445   6.934780   5.245220   4.130046  -0.440445
 1975    27   5.250000  14.822264   7.375225   4.804775   4.804775  -9.572264
 1975    40   3.730000   1.208619  11.076072   1.103928   0.109543   2.521381
 1976     1   2.610000   0.000000   8.554691   3.625309   0.000000   2.610000
 1976    14   5.600000  10.571081   5.944691   6.235309   5.113922  -4.971081
 1976    27   5.510000  15.413383   8.651574   3.528426   3.528426  -9.903383
 1976    40   0.580000   0.269662  11.520487   0.659514   0.014601   0.310338
 1977     1   4.350000   0.000000  11.210148   0.969852   0.000000   4.350000
 1977    14  10.309999  12.526210   6.860149   5.319852   5.087974  -2.216211
 1977    27   8.440000  14.521176   8.291499   3.888501   3.888501  -6.081177
 1977    40   4.510000   0.623086  10.232933   1.947067   0.099605   3.886914
 1978     1   1.810000   0.000000   6.346019   5.833981   0.000000   1.810000
 1978    14   8.160001  10.203523   4.536019   7.643981   6.020364  -2.043522
 1978    27  10.240001  15.408206   6.105243   6.074758   6.074758  -5.168206
 1978    40   2.110000   0.557465   8.682878   3.497122   0.160060   1.552534
 1979     1   6.530000   0.000000   7.130343   5.049657   0.000000   6.530000
 1979    14  12.290001   9.467441   0.600344  11.579657   8.354895   2.822560
 1979    27  11.770000  14.713959   0.000000  12.180000  12.180000  -2.943960
 1979    40   6.150000   1.170503   2.784357   9.395643   0.902925   4.979497
 1980     1   1.270000   0.000000   0.000000  12.180000   0.000000   1.270000
 1980    14   5.869999  10.998907   0.000000  12.180000  10.177979  -5.128908
 1980    27   9.230000  15.821797   4.789917   7.390083   7.390083  -6.591796
 1980    40   1.880000   1.303286   8.789418   3.390582   0.362800   0.576714
 1981     1   2.770000   0.168805   8.212704   3.967296   0.168805   2.601195
 1981    14   6.130000  11.687489   5.611509   6.568491   5.886140  -5.557490
 1981    27   8.430000  14.835207   8.695117   3.484883   3.484883  -6.405206
 1981    40   3.570000   1.350708  10.527744   1.652256   0.183228   2.219292
 1982     1   2.890000   0.000000   8.308452   3.871548   0.000000   2.890000
 1982    14  12.060000   9.583615   5.418452   6.761548   5.060337   2.476386
 1982    27   5.850000  14.894625   2.942067   9.237934   9.237934  -9.044625
 1982    40   9.260000   1.110981   9.383042   2.796958   0.255121   8.149019
 1983     1   5.980000   0.000000   1.234023  10.945977   0.000000   5.980000
 1983    14  12.650001   8.615911   0.000000  12.180000   7.990631   4.034089
 1983    27   4.780000  16.188335   0.000000  12.180000  12.180000 -11.408336
 1983    40   3.980000   0.000000  10.553793   1.626208   0.000000   3.980000
 1984     1   5.570000   0.000000   6.573793   5.606208   0.000000   5.570000
 1984    14  15.400001   8.914570   1.003793  11.176208   7.612505   6.485430
 1984    27   3.310000  13.455338   0.000000  12.180000  12.180000 -10.145338
 1984    40   6.040000   1.313020   9.394490   2.785511   0.300282   4.726980
 1985     1   4.070000   0.000000   4.667509   7.512491   0.000000   4.070000
 1985    14  10.990000  11.033889   0.597510  11.582491   9.717860  -0.043889
 1985    27  10.090000  12.926881   0.641399  11.538602  11.356814  -2.836881
 1985    40   1.990000   0.000000   3.231601   8.948400   0.000000   1.990000
 1986     1   2.950000   0.047465   1.241601  10.938400   0.047465   2.902535
 1986    14  14.500000  10.534001   0.000000  12.180000   9.751242   3.965999
 1986    27   9.610001  13.559080   0.000000  12.180000  12.180000  -3.949080
 1986    40   3.480000   1.115607   3.706955   8.473045   0.776074   2.364393
 1987     1   6.090000   0.424862   1.342562  10.837439   0.424862   5.665137
 1987    14   8.150000  12.183682   0.000000  12.180000  11.265482  -4.033682
 1987    27   9.040001  14.175330   3.784612   8.395389   8.395389  -5.135329
 1987    40   3.040000   1.363744   7.324273   4.855727   0.543675   1.676256
 1988     1   1.580000   0.000000   5.648017   6.531983   0.000000   1.580000
 1988    14   8.200000  11.855145   4.068017   8.111983   7.338391  -3.655145
 1988    27   9.509999  15.099028   6.618374   5.561626   5.561626  -5.589029
 1988    40   1.120000   1.175771   9.170434   3.009567   0.290522  -0.055771
 1989     1   2.200000   0.000000   9.184214   2.995786   0.000000   2.200000
 1989    14   4.660000  10.435096   6.984214   5.195786   4.250217  -5.775096
 1989    27   6.940000  14.574886   9.629147   2.550853   2.550853  -7.634887
 1989    40   1.230000   0.334383  11.228119   0.951882   0.026132   0.895617
 1990     1   2.440000   0.366022  10.332502   1.847499   0.366022   2.073978
 1990    14   9.639999   9.851081   8.258524   3.921476   3.123007  -0.211082
 1990    27   5.300000  14.933349   8.469606   3.710395   3.710395  -9.633349
 1990    40   3.590000   0.966616  11.379936   0.800065   0.063494   2.623384
 1991     1   2.300000   0.000000   8.756552   3.423448   0.000000   2.300000
 1991    14  14.290001  11.390029   6.456552   5.723449   5.029291   2.899972
 1991    27   3.740000  14.608311   3.556580   8.623420   8.623420 -10.868311
 1991    40   4.850000   0.647859  10.733122   1.446879   0.076960   4.202141
 1992     1   5.880000   0.551386   6.530981   5.649020   0.551386   5.328613
 1992    14   8.620000   9.211895   1.202367  10.977633   7.727034  -0.591895
 1992    27  15.340000  12.147823   1.794262  10.385738  10.025067   3.192177
 1992    40   8.760000   0.638346   0.000000  12.180000   0.638346   8.121655
 1993     1   3.200000   0.000000   0.000000  12.180000   0.000000   3.200000
 1993    14  14.059999   8.731729   0.000000  12.180000   8.096940   5.328270
 1993    27  13.400000  12.696744   0.000000  12.180000  11.736420   0.703256
 1993    40   3.360000   0.709192   0.000000  12.180000   0.709192   2.650808
 1994     1   2.090000   0.000000   0.000000  12.180000   0.000000   2.090000
 1994    14   8.780000  10.422721   0.000000  12.180000   9.649099  -1.642722
 1994    27   9.940000  13.145202   1.589953  10.590047  10.590047  -3.205202
 1994    40   2.560000   1.263003   4.376754   7.803246   0.809156   1.296997
 1995     1   5.480000   0.000000   3.079758   9.100242   0.000000   5.480000
 1995    14  13.710000   8.214934   0.000000  12.180000   7.622575   5.495066
 1995    27   9.879999  14.495130   0.000000  12.180000  12.180000  -4.615131
 1995    40   5.980000   0.827544   4.318322   7.861679   0.534145   5.152456
 1996     1   1.530000   0.000000   0.000000  12.180000   0.000000   1.530000
 1996    14   7.429999   9.195074   0.000000  12.180000   8.522243  -1.765074
 1996    27  11.330000  12.839876   1.702260  10.477740  10.477740  -1.509877
 1996    40   6.110001   0.048711   3.001119   9.178882   0.036709   6.061290
 1997     1   2.250000   0.000000   0.000000  12.180000   0.000000   2.250000
 1997    14  10.840000   8.341741   0.000000  12.180000   7.738971   2.498259
 1997    27  11.730000  14.075221   0.000000  12.180000  12.180000  -2.345222
 1997    40   5.000000   1.109963   2.234777   9.945224   0.906308   3.890037
 1998     1   4.140000   0.000000   0.000000  12.180000   0.000000   4.140000
 1998    14  13.869999  10.063682   0.000000  12.180000   9.319538   3.806316
 1998    27   6.240000  15.231430   0.000000  12.180000  12.180000  -8.991430
 1998    40   7.970000   1.698154   8.335319   3.844681   0.536031   6.271846
 1999     1   2.140000   0.002188   2.063473  10.116527   0.002188   2.137812
 1999    14  21.469999   9.409436   0.000000  12.180000   8.719006  12.060564
 1999    27  10.990000  14.162125   0.000000  12.180000  12.180000  -3.172125
 1999    40   0.870000   2.174219   2.993790   9.186211   1.639805  -1.304219
 2000     1   2.550000   0.378830   3.977437   8.202563   0.255121   2.171170
 2000    14  11.180000  10.141777   1.806267  10.373734   8.035515   1.038223
 2000    27   6.210000  14.536292   0.768043  11.411957  11.411957  -8.326292
 2000    40   6.270000   0.012921   8.030854   4.149146   0.004402   6.257080
 2001     1   2.390000   0.000000   1.773774  10.406226   0.000000   2.390000
 2001    14   9.879999  10.178930   0.000000  12.180000   9.425324  -0.298931
 2001    27  10.620000  14.292515   0.298931  11.881069  11.881069  -3.672515
 2001    40   6.210000   2.203981   3.727485   8.452515   1.529490   4.006019
 2002     1   0.630000   0.000000   0.000000  12.180000   0.000000   0.630000
 2002    14   5.790000  10.322874   0.000000  12.180000   9.557449  -4.532874
 2002    27   6.930000  14.992929   4.242819   7.937182   7.937182  -8.062929
 2002    40   3.340000   0.885953   9.497082   2.682918   0.195151   2.454047
 2003     1   2.690000   0.000000   7.043035   5.136965   0.000000   2.690000
 2003    14   5.070000   6.479024   4.353035   7.826965   4.071027  -1.409024
 2003    27 -99.000000 -99.000000 -99.000000 -99.000000 -99.000000 -99.000000
 2003    40 -99.000000 -99.000000 -99.000000 -99.000000 -99.000000 -99.000000
