 1893   1.12  -0.15   0.46   1.47
 1894   0.69  -0.46  -1.48  -1.89
 1895  -2.40  -1.40   0.57  -0.51
 1896  -1.04   2.46   3.16   5.10
 1897   6.58   5.93   4.92   5.23
 1898   4.88   5.48   5.15   4.84
 1899   4.72   5.78   4.59   3.50
 1900   3.58   2.94   4.70   4.60
 1901   4.86   4.32   5.43   5.86
 1902   5.95   4.47   6.21   5.90
 1903   4.94   5.53   6.35   6.12
 1904   5.21   5.41   5.46   5.33
 1905   5.66   6.90   7.15   7.54
 1906   7.44   5.30   8.34   8.75
 1907   7.49   6.91   7.11   5.48
 1908   5.02   5.35   5.13   5.33
 1909   5.15   5.45   6.32   6.99
 1910   5.42   1.77   3.21   1.91
 1911  -0.02  -0.97  -0.59   1.37
 1912   1.64  -0.12   2.09   0.73
 1913   0.56   3.32   1.87  -1.05
 1914  -1.83  -0.91   0.07  -1.39
 1915   0.37   2.70   4.68   4.98
 1916   4.62   5.25   5.34   4.61
 1917   4.89   5.39   4.67   3.36
 1918   2.51   3.42   3.39   3.82
 1919   4.21   4.07   3.07   3.82
 1920   3.40   5.65   4.42   4.40
 1921   2.02   0.15   1.23   0.44
 1922  -0.02  -0.38  -0.84  -0.92
 1923  -1.32   0.69   3.80   3.27
 1924   3.73   3.65   3.89   3.58
 1925   3.02   1.90  -0.12  -1.04
 1926  -1.80  -2.85  -1.93  -1.78
 1927   1.12   2.22   2.91   2.37
 1928   3.02   2.04   1.58   2.25
 1929   1.82   3.06   3.26   3.44
 1930   2.67   2.90   2.14   2.82
 1931   1.94  -0.62  -1.88  -1.53
 1932  -1.49  -0.44  -0.77  -1.22
 1933  -0.80  -1.74  -0.23  -1.62
 1934  -1.57  -2.18  -2.28  -2.50
 1935  -2.56  -0.56  -0.72  -1.07
 1936   1.39  -0.89  -1.99  -2.39
 1937  -2.23  -2.27  -2.59  -1.71
 1938  -0.88  -1.46   1.23  -0.04
 1939   1.52   0.94  -0.58  -1.79
 1940  -1.62  -1.69  -2.48  -0.93
 1941   0.74   1.44   0.70  -0.40
 1942   0.54   0.89   1.39  -0.20
 1943   0.26  -0.31  -1.10  -1.50
 1944  -1.31   1.14   3.80   3.64
 1945   3.86   3.80   3.28   2.07
 1946   1.23  -0.76  -0.96   0.91
 1947  -0.17   0.62  -0.48   0.58
 1948   0.23  -0.46  -0.75   0.71
 1949   2.09   1.26   2.39   0.55
 1950   0.68   2.26   2.47   1.64
 1951   2.45   4.15   6.24   6.52
 1952   6.50   4.27   3.19   1.22
 1953   0.63   2.06   2.87   2.32
 1954   2.35   2.73   2.41   1.08
 1955  -0.45  -0.99  -2.67  -2.89
 1956  -3.63  -3.97  -4.20  -4.58
 1957  -4.52  -3.12  -2.98  -2.65
 1958  -2.49  -2.62  -2.78  -3.45
 1959  -3.16  -2.11  -2.53   1.23
 1960   1.84   2.92   3.57   3.03
 1961   2.80   1.08   0.82   0.11
 1962   1.09   3.09   4.00   2.04
 1963   1.28   2.37   3.23   0.88
 1964   0.48   0.37   2.78   2.05
 1965   1.63   2.01   3.43   1.92
 1966   1.97   0.90   2.09   1.49
 1967  -0.32   2.31   1.16  -0.82
 1968  -1.58  -2.14  -2.40   2.29
 1969   2.59   1.98   2.33   2.60
 1970   1.83   1.52  -0.33   1.49
 1971   1.67   1.80  -0.39   0.79
 1972  -0.61   1.15   1.45   1.94
 1973   3.72   2.89   2.91   2.25
 1974   0.44  -0.95  -1.36  -2.07
 1975  -2.31  -2.12  -2.75  -2.57
 1976  -2.69  -3.27  -3.87  -4.21
 1977  -3.82  -3.66  -3.41  -2.28
 1978  -2.71  -2.67  -2.02  -2.17
 1979   0.55   1.74   2.86   4.00
 1980   3.28   0.31  -0.20  -1.29
 1981  -1.60  -2.45  -2.51  -2.41
 1982  -2.44  -0.87  -1.57   2.09
 1983   3.52   4.04   1.59   1.53
 1984   2.61   3.95   1.97   2.87
 1985   2.83   2.48   3.32   3.04
 1986   3.02   3.70   4.15   3.87
 1987   4.83   2.27   2.26   1.17
 1988  -0.44  -1.35  -1.24  -1.92
 1989  -2.35  -3.19  -3.47  -3.67
 1990  -3.97  -3.49  -4.00  -3.60
 1991  -3.65  -1.74  -2.95  -1.77
 1992   0.02   0.05   3.27   5.94
 1993   5.72   6.19   7.36   7.07
 1994   6.18   4.45   5.03   3.93
 1995   4.64   5.33   5.34   5.88
 1996   4.97   3.28   4.59   5.77
 1997   5.18   4.98   5.66   5.92
 1998   6.09   6.15   4.56   5.45
 1999   4.52   7.03   7.11   4.05
 2000   2.68   2.62   1.69   3.72
 2001   3.28   2.76   3.45   4.01
 2002   2.74   0.15  -0.90  -1.03
 2003  -1.22  -1.40 -99.00 -99.00
