 1893   2.23  -0.58   0.60   1.60
 1894  -0.27  -0.96  -2.83  -1.70
 1895  -2.13   0.48   1.54  -1.22
 1896  -1.03   4.90   2.30   5.01
 1897   4.79   1.09   0.15   2.38
 1898   1.19   2.96   1.32   1.25
 1899   1.50   3.82  -0.04  -0.12
 1900   0.95   0.11   4.50   1.49
 1901   2.18   0.69   3.77   2.81
 1902   2.31  -0.28   4.66   1.63
 1903   0.22   2.95   3.65   1.83
 1904   0.40   2.29   2.05   1.71
 1905   2.59   4.52   2.99   3.37
 1906   2.53  -0.67   7.24   3.83
 1907   0.65   1.56   2.91  -0.23
 1908   0.68   2.49   1.49   2.26
 1909   1.56   2.47   3.71   3.61
 1910  -0.19  -2.51   2.10  -0.57
 1911  -1.57  -1.07   0.35   3.09
 1912   0.88  -1.43   2.68  -0.77
 1913   0.14   4.58  -0.67  -2.46
 1914  -2.29   0.45   0.59  -1.73
 1915   1.13   4.45   4.92   2.29
 1916   1.10   2.93   2.08   0.47
 1917   2.22   2.76   0.52  -0.34
 1918  -0.08   2.00   1.18   2.08
 1919   2.17   1.24  -0.15   2.29
 1920   0.56   5.71  -0.09   1.29
 1921  -1.39  -1.34   1.41  -0.45
 1922  -0.30  -0.37  -1.25  -0.57
 1923  -1.44   1.37   6.46   0.31
 1924   2.10   1.18   1.80   0.81
 1925   0.17  -0.41  -1.47  -1.23
 1926  -2.40  -3.47   0.33  -0.40
 1927   2.45   2.42   2.20   0.09
 1928   2.05  -0.28   0.06   1.32
 1929   0.09   3.03   1.51   1.54
 1930  -0.04   1.22  -0.11   1.83
 1931  -0.22  -1.99  -3.05  -0.12
 1932  -0.46   0.57  -0.58  -0.89
 1933   0.02  -2.33   1.01  -1.94
 1934  -0.61  -2.25  -1.24  -1.56
 1935  -1.28   1.49  -0.49  -0.77
 1936   2.77  -2.26  -3.17  -1.91
 1937  -0.67  -1.12  -1.83   0.33
 1938   0.39  -1.06   2.45  -0.61
 1939   1.89  -0.12  -1.38  -3.31
 1940  -0.39  -0.90  -2.75   1.04
 1941   1.30   1.11  -0.24  -0.82
 1942   1.08   0.90   1.31  -0.90
 1943   0.51  -0.65  -2.16  -1.52
 1944  -0.21   2.28   5.71   1.07
 1945   1.75   1.27   0.34  -0.46
 1946  -0.28  -1.67  -0.73   1.81
 1947  -0.43   1.24  -1.23   1.16
 1948  -0.50  -0.77  -1.00   1.42
 1949   3.01  -0.27   2.19  -1.14
 1950   0.40   2.33   1.23  -0.23
 1951   1.78   4.28   5.66   2.82
 1952   2.32  -0.92  -0.11  -1.24
 1953  -0.17   2.04   1.41   0.08
 1954   0.73   1.60   0.36  -0.68
 1955  -1.13  -1.21  -4.70  -1.74
 1956  -3.19  -2.48  -2.36  -2.86
 1957  -1.92   0.57  -0.67  -0.39
 1958  -0.61  -1.45  -1.58  -2.95
 1959  -0.81   0.43  -1.34   3.18
 1960   1.07   2.82   2.35   0.22
 1961   0.64  -0.99   0.12  -0.41
 1962   1.30   3.71   2.92  -1.06
 1963  -0.19   1.53   2.31  -1.54
 1964  -0.04   0.15   3.39  -0.09
 1965   0.09   0.97   3.55  -0.71
 1966   0.55  -0.54   1.56  -0.08
 1967  -1.24   3.39  -0.53  -1.67
 1968  -2.29  -2.13  -1.62   4.56
 1969   1.42  -0.02   1.21   1.39
 1970  -0.16   0.16  -1.35   1.94
 1971   0.73   0.85  -1.47   1.20
 1972  -1.55   2.29   1.03   1.50
 1973   4.24  -0.04   0.87  -0.02
 1974  -1.17  -1.48  -1.46  -2.40
 1975  -1.54  -0.55  -2.55  -0.79
 1976  -1.46  -2.67  -3.00  -2.59
 1977  -0.91  -1.30  -1.03   0.47
 1978  -1.41  -1.11   0.06  -0.97
 1979   2.16   1.70   2.87   3.31
 1980   0.10  -2.15  -0.30  -1.70
 1981  -1.36  -2.87  -1.27  -0.88
 1982  -1.17   1.07  -1.16   4.16
 1983   3.61   2.31  -1.52   0.44
 1984   1.54   3.54  -1.08   1.39
 1985   0.91   0.33   2.56   0.65
 1986   1.05   2.46   2.23   0.94
 1987   3.31  -1.50   0.61  -0.50
 1988  -1.38  -1.76  -0.31  -2.28
 1989  -1.97  -3.17  -2.15  -2.07
 1990  -2.41  -0.57  -2.85  -0.79
 1991  -1.76   1.29  -2.26   0.60
 1992   1.35  -0.17   5.43   6.51
 1993   1.70   3.00   4.58   2.08
 1994   0.78  -0.48   2.17  -0.08
 1995   2.60   3.04   1.94   3.02
 1996   0.32  -0.65   3.04   4.01
 1997   0.91   1.48   3.15   2.56
 1998   2.48   2.33  -0.36   2.94
 1999   0.15   6.62   2.70  -1.63
 2000  -0.41   0.70  -0.27   2.92
 2001   0.45   0.17   2.36   2.37
 2002  -0.40  -1.91  -0.98  -0.46
 2003  -0.94  -1.01 -99.00 -99.00
